22,6669,6.333333333333333
22,16758,6.730170360871955
22,8039,7.0025
22,9646,10.0
22,7691,9.673860272434345
22,13914,6.730170360871955
22,16612,6.730170360871955
22,19110,6.730170360871955
22,10754,6.730170360871955
22,2029,6.730170360871955
22,16280,6.730170360871955
22,15660,7.0025
22,6874,6.730170360871955
22,12732,7.0025
22,7527,4.0025
22,19529,6.730170360871955
22,19768,6.730170360871955
22,18653,6.0025
22,9967,7.0025
22,397,9.593268298025096
22,15575,6.730170360871955
22,11660,6.730170360871955
22,7357,6.730170360871955
5,6791,6.730170360871955
5,19610,10.0
5,7273,6.730170360871955
5,7523,10.0
50,19320,6.730170360871955
50,19049,6.730170360871955
50,11730,6.730170360871955
50,19430,7.6025
50,3114,6.730170360871955
50,8256,6.730170360871955
50,11731,6.730170360871955
50,12333,6.730170360871955
50,16218,6.730170360871955
50,840,6.730170360871955
50,14010,6.730170360871955
50,10020,6.730170360871955
50,1270,6.730170360871955
50,12733,6.730170360871955
50,19653,6.730170360871955
50,8341,6.730170360871955
50,2471,6.730170360871955
50,18983,6.730170360871955
50,19369,4.6025
50,6276,6.730170360871955
50,6681,6.730170360871955
50,19052,6.730170360871955
50,12289,5.555405405405406
50,7360,6.730170360871955
50,838,6.730170360871955
50,15843,8.0
50,1026,6.730170360871955
50,13896,6.730170360871955
50,15757,7.666666666666667
50,16468,6.730170360871955
50,89,6.730170360871955
50,4460,6.730170360871955
50,15494,6.730170360871955
50,18590,6.730170360871955
50,17928,6.730170360871955
50,18087,6.730170360871955
50,6789,6.730170360871955
50,17372,6.730170360871955
50,19549,6.730170360871955
50,12286,4.555405405405406
50,13944,6.730170360871955
50,11743,6.730170360871955
50,9340,6.730170360871955
50,388,6.730170360871955
50,11268,6.730170360871955
50,1656,6.730170360871955
50,19074,6.730170360871955
50,4693,6.730170360871955
50,4695,6.730170360871955
50,14450,6.730170360871955
50,16735,6.730170360871955
50,15683,6.730170360871955
50,1346,6.730170360871955
50,8059,6.730170360871955
50,16197,6.730170360871955
50,18357,6.730170360871955
50,16095,6.730170360871955
50,18187,6.730170360871955
50,10011,6.730170360871955
50,8013,6.730170360871955
50,18057,6.730170360871955
50,12328,6.730170360871955
50,15382,6.730170360871955
50,9840,6.730170360871955
50,2099,6.730170360871955
50,19318,6.730170360871955
50,6744,6.730170360871955
50,14624,6.730170360871955
50,2436,6.730170360871955
50,9992,6.730170360871955
50,13890,6.730170360871955
50,17975,6.730170360871955
50,67,6.730170360871955
50,12699,6.730170360871955
50,2923,6.730170360871955
50,6782,6.730170360871955
50,4537,6.730170360871955
50,6398,6.730170360871955
50,15944,6.730170360871955
50,7555,6.730170360871955
50,11822,6.730170360871955
50,18032,6.730170360871955
50,5231,6.730170360871955
50,12205,6.730170360871955
50,1540,6.730170360871955
50,9958,6.730170360871955
50,1462,6.730170360871955
50,19132,6.730170360871955
50,7974,6.730170360871955
50,14378,6.730170360871955
50,7956,6.730170360871955
50,11630,5.958967617812539
50,3954,6.730170360871955
50,12737,6.730170360871955
50,12294,10.0
50,15484,6.730170360871955
50,10862,6.730170360871955
50,10823,6.730170360871955
50,8637,6.730170360871955
50,7526,6.730170360871955
50,18230,6.730170360871955
50,16793,6.730170360871955
50,4098,6.730170360871955
50,15943,6.730170360871955
50,4555,6.730170360871955
50,8709,6.730170360871955
50,1151,6.730170360871955
10,15102,8.173144073286432
10,19310,5.083333333333334
10,10113,6.730170360871955
10,14925,6.730170360871955
10,15891,6.730170360871955
10,385,6.730170360871955
27,1265,9.090317524036536
27,9493,4.520370370370371
27,11452,6.730170360871955
27,19369,3.059615384615385
27,89,6.730170360871955
27,18919,6.730170360871955
27,8735,6.730170360871955
27,17366,6.730170360871955
27,15540,6.730170360871955
27,18771,6.730170360871955
27,5208,6.307575757575758
27,349,9.312162162162162
27,4586,9.059615384615384
27,19366,6.730170360871955
27,3446,6.730170360871955
27,2146,6.730170360871955
27,8703,9.312162162162162
27,16221,6.730170360871955
27,5399,6.730170360871955
35,5775,6.730170360871955
35,12951,6.730170360871955
35,6449,6.730170360871955
35,5834,6.730170360871955
35,4175,6.730170360871955
35,18059,6.730170360871955
35,10778,6.730170360871955
35,19413,6.730170360871955
35,19787,6.730170360871955
35,13669,6.730170360871955
35,551,6.730170360871955
35,15661,6.730170360871955
35,13432,6.730170360871955
35,4031,6.730170360871955
35,4785,6.730170360871955
35,19404,6.730170360871955
35,17942,6.730170360871955
35,11814,5.090909090909091
35,3864,6.730170360871955
35,4349,6.730170360871955
35,11038,6.730170360871955
35,6465,6.730170360871955
35,10009,6.730170360871955
35,13026,6.730170360871955
35,10094,6.730170360871955
35,11580,6.730170360871955
35,15657,6.730170360871955
35,5761,6.730170360871955
35,15433,6.730170360871955
35,17270,6.730170360871955
35,16365,6.730170360871955
35,12864,6.730170360871955
35,15579,6.730170360871955
35,16876,6.730170360871955
35,5869,6.730170360871955
35,12855,6.730170360871955
35,11037,6.730170360871955
35,15697,6.730170360871955
35,7202,6.730170360871955
35,5149,6.730170360871955
35,3592,6.730170360871955
35,18501,6.730170360871955
35,17964,6.730170360871955
35,13899,6.730170360871955
35,13280,6.730170360871955
35,13376,6.730170360871955
35,15422,6.730170360871955
35,11189,6.730170360871955
35,16320,6.730170360871955
35,5968,6.730170360871955
35,12832,6.730170360871955
35,12402,6.730170360871955
35,16347,6.730170360871955
35,12457,6.730170360871955
35,7031,6.730170360871955
35,6650,6.730170360871955
35,4044,6.730170360871955
35,8486,6.730170360871955
35,15753,6.730170360871955
35,8512,6.730170360871955
35,2600,6.730170360871955
35,225,6.730170360871955
35,11001,6.730170360871955
35,15638,6.730170360871955
35,8122,6.730170360871955
35,3871,6.730170360871955
35,10896,6.730170360871955
35,1740,6.730170360871955
35,9231,6.730170360871955
35,13349,6.730170360871955
35,15783,6.730170360871955
35,7954,6.730170360871955
35,13364,6.730170360871955
35,1904,6.730170360871955
35,4148,6.730170360871955
35,15987,6.730170360871955
35,5516,6.730170360871955
35,9627,6.730170360871955
35,13686,6.730170360871955
35,11618,6.730170360871955
35,15273,6.730170360871955
35,3066,6.730170360871955
35,5310,6.730170360871955
35,14744,6.730170360871955
35,7395,6.730170360871955
35,14749,6.730170360871955
35,2521,6.730170360871955
35,11538,6.730170360871955
35,14299,6.730170360871955
35,13396,6.730170360871955
35,10996,6.730170360871955
35,43,6.730170360871955
35,10557,6.730170360871955
35,2844,6.730170360871955
35,19696,6.730170360871955
35,13928,6.730170360871955
35,9706,6.730170360871955
35,10741,6.730170360871955
35,14795,6.730170360871955
35,15880,6.730170360871955
35,10965,6.730170360871955
35,1300,6.730170360871955
35,13897,6.730170360871955
35,14411,6.730170360871955
35,1449,6.730170360871955
35,12182,6.730170360871955
35,14613,6.730170360871955
35,13536,6.730170360871955
35,5916,6.730170360871955
35,19331,6.730170360871955
35,13755,6.730170360871955
35,14182,6.730170360871955
35,13598,6.730170360871955
35,11255,6.730170360871955
35,13386,6.730170360871955
35,13378,6.730170360871955
35,14772,6.730170360871955
35,17640,6.730170360871955
35,6221,6.730170360871955
35,578,6.730170360871955
35,450,6.730170360871955
35,12172,6.730170360871955
35,17691,6.730170360871955
35,4043,6.730170360871955
35,9565,6.730170360871955
35,13085,6.730170360871955
35,18491,6.730170360871955
35,17885,6.730170360871955
35,12616,6.730170360871955
35,2650,6.730170360871955
35,19298,6.730170360871955
35,6084,6.730170360871955
35,10619,6.730170360871955
35,13088,6.730170360871955
35,16158,6.730170360871955
35,11639,6.730170360871955
35,18736,6.730170360871955
35,3048,6.730170360871955
35,19816,6.730170360871955
35,17872,6.730170360871955
35,18003,6.730170360871955
35,12907,6.730170360871955
35,13241,6.730170360871955
35,847,6.730170360871955
35,15990,6.730170360871955
35,677,6.730170360871955
35,2032,6.730170360871955
35,1446,6.730170360871955
35,3561,6.730170360871955
35,3374,6.730170360871955
35,3408,6.730170360871955
35,3578,6.730170360871955
35,10726,6.730170360871955
35,18619,7.090909090909091
35,9193,6.730170360871955
35,7341,6.730170360871955
35,5256,6.730170360871955
35,10938,6.730170360871955
35,18789,3.2333333333333334
35,3319,6.730170360871955
35,11019,6.730170360871955
35,6899,6.730170360871955
35,13648,6.730170360871955
35,17393,6.730170360871955
35,14181,6.730170360871955
35,6685,6.730170360871955
35,13675,6.730170360871955
35,2019,6.730170360871955
35,616,6.730170360871955
35,156,6.730170360871955
35,3487,6.730170360871955
35,12932,6.730170360871955
35,1891,6.730170360871955
35,3484,6.730170360871955
35,3409,6.730170360871955
35,5288,6.730170360871955
35,14958,6.730170360871955
35,1169,6.730170360871955
35,13933,6.730170360871955
35,7607,6.730170360871955
35,5377,6.730170360871955
35,14205,6.730170360871955
35,16048,6.730170360871955
35,17521,6.730170360871955
35,6844,6.730170360871955
35,18876,6.730170360871955
35,3248,6.730170360871955
35,668,6.730170360871955
35,6030,6.730170360871955
35,19731,6.730170360871955
35,19273,6.730170360871955
35,18079,6.730170360871955
35,13650,6.730170360871955
35,16855,6.730170360871955
35,17954,6.730170360871955
35,5259,6.730170360871955
35,528,6.730170360871955
35,17596,6.730170360871955
35,4369,6.730170360871955
35,8852,6.730170360871955
35,6686,6.730170360871955
35,13089,6.730170360871955
35,10530,6.730170360871955
35,7000,6.730170360871955
35,17253,6.730170360871955
35,17331,6.730170360871955
35,15580,6.730170360871955
35,13601,6.730170360871955
35,12395,6.730170360871955
35,14022,6.730170360871955
35,380,6.730170360871955
35,17346,6.730170360871955
35,18118,6.730170360871955
35,18852,6.730170360871955
35,14579,6.730170360871955
35,18740,6.730170360871955
35,15287,6.730170360871955
35,2893,6.730170360871955
35,1288,6.730170360871955
35,5254,6.730170360871955
35,9238,6.730170360871955
35,18525,6.730170360871955
35,15781,6.730170360871955
35,6422,6.730170360871955
35,4860,6.730170360871955
35,7986,6.730170360871955
35,11109,6.730170360871955
35,6692,6.730170360871955
35,7218,6.730170360871955
35,12490,6.730170360871955
35,2277,6.730170360871955
35,19548,6.730170360871955
35,16983,6.730170360871955
35,5233,6.730170360871955
35,14923,6.730170360871955
35,5993,6.730170360871955
35,13437,6.730170360871955
35,6447,6.730170360871955
35,11524,6.730170360871955
35,6886,6.730170360871955
35,15749,6.730170360871955
35,7680,6.730170360871955
35,6450,6.730170360871955
35,5974,6.730170360871955
35,6090,6.730170360871955
35,2360,6.730170360871955
35,14009,6.730170360871955
35,13925,6.730170360871955
35,2470,6.730170360871955
35,10323,6.730170360871955
35,8783,6.730170360871955
35,12216,6.730170360871955
35,9930,6.730170360871955
35,8903,6.730170360871955
35,11875,6.730170360871955
35,13044,6.730170360871955
35,3554,6.730170360871955
35,18127,6.730170360871955
35,9568,6.730170360871955
35,12079,6.730170360871955
35,15760,6.730170360871955
35,237,6.730170360871955
35,6448,6.730170360871955
35,11140,6.730170360871955
35,6446,6.730170360871955
35,5984,6.730170360871955
35,3517,6.730170360871955
35,10195,6.730170360871955
35,11002,6.730170360871955
35,6732,6.730170360871955
35,12166,6.730170360871955
35,342,6.730170360871955
35,9983,6.730170360871955
35,782,6.730170360871955
35,6017,6.730170360871955
35,12169,6.730170360871955
35,8586,6.730170360871955
35,15771,6.730170360871955
35,2195,6.730170360871955
35,16278,6.730170360871955
35,13451,6.730170360871955
35,13503,6.730170360871955
35,1564,6.730170360871955
35,2201,6.730170360871955
35,16080,6.730170360871955
35,488,6.730170360871955
35,7108,6.730170360871955
35,12615,6.730170360871955
35,9352,6.730170360871955
35,12138,6.730170360871955
35,4571,6.730170360871955
35,14632,6.730170360871955
35,18128,6.730170360871955
35,16582,6.730170360871955
35,16628,6.730170360871955
35,13191,6.730170360871955
35,14994,6.730170360871955
35,9890,6.730170360871955
35,11555,6.730170360871955
35,18210,6.730170360871955
35,19711,6.730170360871955
35,3600,6.730170360871955
35,13256,6.730170360871955
35,3349,6.730170360871955
35,10301,6.730170360871955
35,3259,6.730170360871955
35,19371,6.730170360871955
35,3106,6.730170360871955
35,3588,6.730170360871955
35,10549,6.730170360871955
35,17476,6.730170360871955
35,3676,6.730170360871955
35,3535,6.730170360871955
35,3342,6.730170360871955
35,766,6.730170360871955
35,1874,6.730170360871955
35,4172,6.730170360871955
35,3311,6.730170360871955
35,6954,6.730170360871955
35,3372,6.730170360871955
35,3496,6.730170360871955
35,3396,6.730170360871955
35,9669,6.730170360871955
35,786,6.730170360871955
35,3652,6.730170360871955
35,590,6.730170360871955
35,6214,6.730170360871955
35,3475,6.730170360871955
35,9613,6.730170360871955
35,12113,6.730170360871955
35,15330,6.730170360871955
35,18211,6.730170360871955
35,3482,6.730170360871955
35,6068,6.730170360871955
35,6070,6.730170360871955
35,3528,6.730170360871955
35,17435,6.730170360871955
35,1535,6.730170360871955
35,3471,6.730170360871955
35,17642,6.730170360871955
35,18286,6.730170360871955
35,17955,6.730170360871955
35,3507,6.730170360871955
35,3443,6.730170360871955
35,2036,6.730170360871955
35,3598,6.730170360871955
35,3458,6.730170360871955
35,13112,6.730170360871955
35,13372,6.730170360871955
35,16047,6.730170360871955
35,11706,6.730170360871955
35,12802,6.730170360871955
35,3659,6.730170360871955
35,3532,6.730170360871955
35,13420,6.730170360871955
35,3546,6.730170360871955
35,3438,6.730170360871955
35,3505,6.730170360871955
35,3614,6.730170360871955
35,7859,6.730170360871955
35,6857,6.730170360871955
35,5286,6.730170360871955
35,4547,6.730170360871955
35,18264,6.730170360871955
35,3477,6.730170360871955
35,3417,6.730170360871955
35,3696,6.730170360871955
35,1860,6.730170360871955
35,4736,6.730170360871955
35,6884,6.730170360871955
35,7339,6.730170360871955
35,13204,6.730170360871955
35,12551,6.730170360871955
35,5241,6.730170360871955
35,3352,6.730170360871955
35,2929,6.730170360871955
35,3660,6.730170360871955
35,3651,6.730170360871955
35,14755,6.730170360871955
35,11744,6.730170360871955
35,14636,6.730170360871955
35,3414,6.730170360871955
35,6633,6.730170360871955
35,11615,6.730170360871955
35,13595,6.730170360871955
35,1976,6.730170360871955
35,13034,6.730170360871955
35,13400,6.730170360871955
15,9928,5.984073027624729
15,17173,6.730170360871955
15,745,6.730170360871955
15,11188,6.697862721622709
15,5098,6.730170360871955
15,203,6.730170360871955
15,12848,6.730170360871955
15,4018,6.730170360871955
15,4580,6.730170360871955
15,11230,6.730170360871955
15,14891,6.730170360871955
16,4319,6.730170360871955
30,8045,6.730170360871955
48,15660,6.666666666666667
48,19004,8.666666666666666
4,5211,6.730170360871955
4,6680,6.909090909090909
4,10946,6.730170360871955
4,1873,6.730170360871955
4,5332,6.730170360871955
4,3093,6.730170360871955
4,5169,6.730170360871955
4,11576,6.730170360871955
4,1377,6.730170360871955
4,8807,6.730170360871955
4,5861,6.730170360871955
4,412,6.730170360871955
4,2530,6.730170360871955
4,231,6.730170360871955
4,13788,6.909090909090909
4,1380,6.730170360871955
4,8999,6.730170360871955
4,2641,6.730170360871955
4,434,6.909090909090909
4,7617,6.730170360871955
4,1411,6.730170360871955
4,3092,6.730170360871955
4,2801,6.730170360871955
4,5817,6.730170360871955
4,5365,6.730170360871955
4,4642,6.730170360871955
4,11066,6.730170360871955
4,14443,6.730170360871955
4,9623,6.730170360871955
4,2318,6.730170360871955
4,4168,6.730170360871955
4,1679,6.730170360871955
4,18594,6.730170360871955
4,1402,6.730170360871955
4,256,6.730170360871955
4,4819,6.730170360871955
45,5108,6.730170360871955
29,11452,6.730170360871955
9,10952,6.730170360871955
49,19004,6.730170360871955
