1050,241,2.3743836682803896
1050,7,2.746030006564924
1050,206,2.639801210178053
1050,220,2.431035212789811
1050,17,2.682048381927034
1050,4,2.782124359492853
1050,243,2.0816136510946532
1051,220,3.320534035536922
1051,17,3.438804427708349
1051,9,3.518559166364852
1052,9,2.835021381769811
1052,254,2.607882472233244
1056,213,2.531529845631519
1056,2,2.7436531776242408
1056,217,2.4211677170782915
1056,8,2.7686708120667443
1057,12,2.897876593342516
1060,15,3.0003587583840274
1060,781,2.9040780837700177
1060,1116,3.920289855072464
1060,70,2.036424802191467
1062,17,3.3097932323825754
1062,207,2.9009716358326143
1064,7,3.263894268667318
1064,781,2.758996592059142
1064,501,2.917104219557027
1064,1392,3.309593023255814
1065,123,3.4652884489690527
1065,719,2.5297697470990843
1067,239,3.045431446828117
1067,212,2.920329285606305
1067,11,3.4338055404056544
1067,4,3.268456540962893
1067,233,2.950772781343999
1069,213,2.937147919040839
1069,217,2.7871247236334615
1069,245,2.939073373076109
1069,219,3.1258759316671476
1071,7,3.0771573188379695
1071,254,2.836815098626398
1071,253,2.908766994994294
1072,207,2.481427450849382
1073,245,3.6277486946398514
1073,13,3.8905010039073598
1073,6,3.6355872755716874
1074,3,3.000084681411902
1075,9,3.381159420630928
1075,211,3.3891335984534297
1075,217,3.028773111624729
1075,4,3.4094049955698464
1076,207,2.899805232072448
1077,251,3.5734796500450927
1078,206,3.3002833097449056
1078,255,3.041884078674125
1078,245,3.1359570909592045
1078,252,2.9360430260248993
1080,219,3.2551700255185834
1080,212,3.0317518409968476
1080,11,3.4876297801698937
1081,215,2.8544527525493946
1081,5,2.8110291498019713
1081,239,2.5388440603822104
1081,219,2.7171285506552794
1081,244,2.2953662757514057
1081,8,2.804414728260043
1083,257,2.6574033627329774
1084,220,3.3097510411181394
1085,12,2.727373079578049
1085,216,2.871642598470873
1085,252,2.7204090574595026
1086,235,3.427807784915585
1087,17,3.022808005950463
1087,236,3.0817569483789464
1087,219,3.160648073783462
1087,244,2.785015109402749
1087,247,2.9213118967307494
1088,251,2.999215128207904
1088,213,2.7422716857664997
1088,9,2.8600079654802926
1089,220,2.0938490469743543
1089,252,2.0580268212573936
1089,257,1.9703576259536317
1089,248,2.025697107447213
1089,243,1.8942455028193836
1090,215,3.5204687845321256
1091,1,3.89816491475168
1092,213,2.541249381740159
1094,215,3.974179808315587
1094,3,3.77885563692755
1094,4,3.960471844900521
1095,234,3.0716904813565957
1095,252,2.9643114947087885
1095,249,2.971811806063233
1096,213,3.7289023978154026
1096,236,3.767253694392986
1096,255,3.6427419872610534
1096,4,3.9041467797209455
1096,8,3.8575128257621953
1096,243,3.304324316511953
1099,251,3.1885508783553536
1099,206,3.3338279180893413
1099,17,3.267722936674658
1099,236,3.32432453513812
1099,121,3.0888535497589595
1100,5,3.431370128746363
1100,7,3.3569094005412277
1100,205,3.0746001238724103
1101,12,3.108335864273701
1102,2,3.513735715895889
1102,1844,3.0003587583840274
1103,13,2.0668108450992397
1104,763,3.0294905718649443
1104,627,3.0003587583840274
1104,625,3.0003587583840274
1104,610,3.602633969118983
1104,642,3.0003587583840274
1104,621,3.0003587583840274
1105,11,3.3638937169531755
1108,9,3.2229988049737526
1108,210,2.6669282152860507
1109,214,2.128660898995146
1109,245,2.2797724335704697
1109,233,2.207534168090465
1111,4,3.3213126123471053
1112,219,2.9663802424963426
1112,207,2.9405420433997054
1113,4,3.339696211824683
1114,5,3.440983747036078
1114,11,3.6879417588931798
1115,215,3.5692125805151314
1115,236,3.5289982244397877
1115,121,3.373740619569478
1118,13,3.868749369878008
1118,1,3.681632047778277
1121,215,3.385484594951816
1121,4,3.433788846239873
1121,207,3.1851274900864235
1122,7,3.5737107893118503
1122,12,3.1903635152321317
1122,9,3.5427755348456
1124,207,2.8049024601461974
1124,253,2.771360120491633
1125,216,2.0541392510138574
1125,255,2.126749451591552
1126,255,3.3237766155780624
1126,234,3.2335615690099653
1126,217,3.2781289365335473
1126,3,3.386317855649888
1126,13,3.6279047723594946
1126,1,3.371186322621382
1126,257,3.09349403170695
1126,84,3.2198968876028307
1127,235,2.5685670907542097
1127,12,2.639897953327044
1129,207,3.456453894104034
1130,220,2.8759108566257945
1130,9,3.2133307157756725
1130,212,2.909492925820879
1130,252,2.800474207438241
1130,248,2.755091767282473
1132,250,3.568881290330511
1132,8,3.616520792631667
1133,1831,2.9097519358161845
1133,539,2.347160728172411
1133,903,3.0003587583840274
1135,7,3.4141341451736387
1137,2,3.9070853674593446
1138,215,3.6852917690621876
1138,207,3.37080430351217
1138,247,3.3920737797606964
1139,213,2.37072631157735
1139,2,2.592450837137267
1139,4,2.549948374597461
1139,233,2.269284415815837
1140,235,2.5318204316805355
1140,589,2.983693913525082
1141,3,3.5211974631605436
1142,252,3.111917757287696
1142,246,3.2066431868538934
1143,9,2.9688950044882136
1144,206,4.0
1144,235,3.67823477611459
1144,212,3.8484675140093203
1144,244,3.746591822773615
1144,246,3.8517306361635155
1144,253,3.87252523630527
1145,7,3.341999947793673
1146,211,2.5313949168856906
1146,254,2.281136587299919
1146,243,1.945450604253487
1147,207,2.7969835688189346
1147,391,3.592403949858327
1147,589,3.2468956732698415
1147,958,3.111511029573872
1147,830,3.716215546914912
1147,680,3.070389340959012
1147,747,3.0003587583840274
1147,810,3.0276771061583174
1148,5,2.129156725449021
1148,3,2.0512604200063436
1148,212,1.8497092393526913
1148,256,1.8071717325487133
1148,247,1.8650523374254797
1149,10,2.906551666047559
1149,675,3.391873428775129
1149,447,2.643951399894348
1149,307,3.6353239551393575
1152,235,3.141070602688867
1152,219,3.4669211979321375
1152,10,3.3650293320927602
1152,13,3.626070896515915
1153,250,3.4058415754922513
1153,7,3.489304492091975
1153,206,3.3904387503902846
1153,234,3.0399072869151937
1153,10,3.140836960621959
1153,13,3.5783768292223153
1153,1,3.3664913689038727
1153,781,3.114419045529251
1153,977,3.4363710274906754
1153,847,2.9696858528924452
1154,215,3.1536928931233166
1154,10,3.108816624563157
1155,5,2.7030496337493477
1155,121,2.4209532079280383
1155,217,2.4041275003141322
1155,3,2.517123383702699
1156,7,3.4473909335282675
1156,211,3.5902798389070014
1157,5,3.059997454017367
1157,7,3.056633160587725
1157,499,2.0629810692670913
1157,434,3.2373593746184213
1157,806,2.7796498967651213
1158,250,3.7245772514148516
1158,239,3.483252276483519
1159,241,2.93123998018811
1159,236,3.137362514630425
1159,210,2.757980218502012
1159,256,2.8930955814714823
1159,734,0.8735577045307239
1161,245,3.693069477763
1161,207,3.6089425884634765
1162,216,2.8636581300491546
1162,239,2.7486133683592593
1162,247,2.6065260713754266
1163,2,3.0003587583840274
1163,1865,3.0003587583840274
1164,7,2.990044764005453
1164,494,2.964032862798035
1164,347,2.9143574791762337
1167,250,3.341740822325662
1167,7,3.1675948301063723
1167,1,2.8495588546967965
1167,6,3.282855645759066
1169,207,3.4555683561070434
1170,215,3.8898455121897704
1173,254,2.5093568287873467
1173,362,2.4359673024523163
1173,1867,3.301632623444339
1173,1868,3.0003587583840274
1173,1870,3.0003587583840274
1174,299,4.0
1175,251,2.840094262048839
1175,7,3.0604777902524267
1175,235,2.5297130837353707
1175,255,2.8210847243565413
1175,217,2.7614975172131575
1175,254,2.737963342812536
1175,13,3.126868935820011
1175,84,2.647002229044884
1175,243,2.417331424852574
1175,247,2.7361656021888394
1178,210,2.7005068716891794
1180,7,3.351801261869181
1180,499,2.9187299290369806
1180,715,2.2421382527912206
1182,10,2.543781155256089
1183,207,3.2341602191993024
1184,213,3.1455269179689216
1184,220,3.01898813785038
1184,239,3.037438680472514
1184,13,3.3796094480713146
1186,241,3.034152900154528
1187,12,2.5901874710319626
1187,255,2.6418518215803015
1187,244,2.59363835475692
1187,607,2.5719511726185322
1187,638,3.0965996494687635
1187,318,3.172973262247271
1187,432,3.193715730367811
1187,617,2.9046501285709696
1187,702,3.2018043317563234
1187,1890,3.0003587583840274
1187,1599,2.271541819312321
1187,550,3.212001116062031
1187,1901,3.0003587583840274
1187,722,3.0003587583840274
1187,1385,3.0003587583840274
1187,1652,3.0003587583840274
1187,1628,2.519230769230769
1187,947,3.0003587583840274
1187,1784,3.0003587583840274
1187,1909,3.0003587583840274
1187,761,3.0003587583840274
1187,1917,3.0003587583840274
1187,132,3.0003587583840274
1188,241,2.8095405950124883
1188,7,3.153786624697247
1188,9,3.2463893785628084
1188,255,2.9295977790544705
1188,217,2.7926343052882063
1189,3,3.04496901850665
1189,1,3.029151301687005
1189,6,3.113158200293494
1191,10,3.0333896067939867
1192,7,2.6220070453123117
1193,236,3.4365510446525147
1193,216,3.158158192956618
1193,239,3.214154492949363
1193,254,3.218190157064247
1193,207,3.1663157916242577
1193,210,3.069420303833418
1194,12,3.3836522529221242
1198,212,2.6341668576002752
1199,241,3.5416833856436085
1199,12,3.4336005302366486
1199,217,3.520651304121338
1199,245,3.650514192414656
1199,239,3.48396276207546
1199,3,3.6128705394091956
1199,11,4.0
1199,252,3.377838943478051
1199,880,3.766853527232713
1199,256,3.3882485807102203
1199,343,3.8393494284952285
1199,1605,4.0
1200,220,3.354580863635748
1200,1930,3.0003587583840274
1201,7,3.192523777611741
1201,212,2.9473896466934684
1201,233,2.951803766412399
1201,253,2.9779702667763526
1201,84,2.9457708384727312
1201,1932,3.0003587583840274
1202,241,2.5948230943229484
1202,12,2.5188153216147833
1202,214,2.5099019173685457
1202,239,2.584406455183711
1202,257,2.418738449002669
1202,207,2.5988002769820295
1203,8,4.0
1205,9,3.5690557052598497
1206,5,3.4062134861095266
1208,746,2.8085260552300952
1208,1018,3.8329764453961457
1209,217,2.5885387620185063
1209,4,2.8886112991348183
1209,8,2.8026905141049867
1209,84,2.4749077316435875
1209,243,2.263981783425067
1212,4,3.4198254895318234
1212,1128,3.0003587583840274
1212,1938,3.0003587583840274
1212,1618,3.0003587583840274
1212,1619,3.0003587583840274
1212,1033,4.0
1212,1949,3.0003587583840274
1212,1615,3.0003587583840274
1214,11,3.007518570184833
1215,10,3.2831094284450515
1216,13,3.9714942513855163
1217,7,3.239066471933
1218,250,3.2908371735240642
1218,211,3.280426866142909
1218,217,2.976776010239268
1218,239,3.0246915288402194
1218,256,2.886019299117683
1218,247,2.952579024828384
1219,213,2.149049042739553
1220,2,3.2860763960948662
1220,234,2.7573813912812164
1220,212,2.8418362988969954
1221,3,3.6496895997662873
1222,214,2.465868121233631
1222,1,2.650518366987892
1223,220,2.928483899243765
1223,13,3.323560788824291
1224,257,3.0732051712461117
1225,220,2.239614259684101
1225,12,2.2312595330025338
1225,234,2.263939045190308
1225,254,2.3106369490034693
1225,1,2.3986616673387404
1225,8,2.6341396307315934
1225,246,2.3157260892932365
1225,248,2.1748669659913005
1226,17,3.1054985860797126
1226,9,3.2321687156999954
1226,211,3.2448099823160725
1226,244,2.787746918176431
1226,10,3.0031999819454342
1226,257,2.759315419739924
1226,256,2.829623994754461
1228,251,2.8286726561040956
1228,3,2.864882332131872
1228,4,3.017265961933212
1229,241,2.702350103943908
1229,236,2.704531377880167
1229,246,2.644489132993624
1229,1597,2.4386668307577914
1230,220,3.296376707607797
1230,17,3.330465588394979
1230,2,3.401568385383928
1230,214,3.13527926401024
1230,245,3.263134650679366
1230,11,3.6574388710203487
1230,257,3.0813010431634087
1230,247,3.2242960595807166
1231,241,3.2634790634819737
1231,9,3.6083687926119015
1231,8,3.5916471595099635
1232,7,3.272377433204965
1232,12,2.873193280916364
1232,207,2.933094395236236
1234,214,3.1029167067057264
1234,207,3.1359546477601
1234,8,3.4438663962771368
1235,241,2.488444015617322
1235,7,2.7930835970527275
1235,220,2.5211901096625637
1235,121,2.585336486245505
1235,3,2.6526921964188706
1235,219,2.7860727688844515
1235,13,2.926708216303286
1235,207,2.519466119767649
1235,243,2.257293985227248
1236,3,2.720618258772556
1236,256,2.523832826938686
1238,12,3.601490803974967
1238,211,3.9388227927161834
1238,11,4.0
1238,244,3.5529472507047055
1238,10,3.729389314358476
1239,216,3.0340721352459905
1239,205,3.104355345525065
1239,233,3.1225807861837813
1241,234,2.3988486852826774
1241,214,2.4349668386084375
1241,239,2.47914901378393
1241,1,2.55157514976575
1241,4,2.71456301543548
1241,247,2.406789027331301
1243,12,2.586886838219923
1244,9,2.381527731503118
1244,254,1.85853846694354
1244,207,1.934612675329338
1244,278,2.9814410919325622
1244,1357,3.0003587583840274
1245,13,4.0
1246,7,1.815080360430114
1246,235,1.390126694136265
1246,244,1.372359706959958
1246,10,1.6598059001927474
1246,207,1.622132826867874
1246,8,1.9160015929756478
1246,233,1.6577935592054998
1248,236,3.746147258756262
1248,252,3.3564495849543086
1249,215,3.291608473660038
1249,206,3.354318390695836
1249,220,3.063868250920551
1249,2,3.3577733964031595
1249,219,3.323580670860948
1249,207,3.030894391083787
1249,585,2.958217616881854
1249,243,2.84176093409561
1249,1960,3.0003587583840274
1249,25,3.0003587583840274
1249,40,3.0003587583840274
1249,464,3.0003587583840274
1249,125,3.0003587583840274
1250,213,2.8778452781262214
1250,5,2.9806077175156487
1250,211,2.967440041269397
1251,17,3.6738443812617128
1252,215,3.23357215890031
1252,13,3.338041482499976
1252,257,2.763574075017425
1252,253,2.926123301805795
1252,84,2.8557450187267595
1254,7,3.0615116171945607
1254,2,3.158960245409318
1254,234,2.7735218127378873
1254,3,2.9396816818410425
1254,254,2.865530511969036
1255,234,2.7683082855784633
1255,219,3.0391574488617046
1255,968,3.5494575529440566
1257,234,3.064472441159635
1258,3,3.137950237417309
1258,13,3.3575447646365313
1258,1,3.0536524633272366
1258,1481,3.7138609609689093
1261,5,3.189151076875817
1261,234,2.8660310016232713
1261,205,2.920622954185586
1261,214,2.8647291752760133
1261,252,2.7863917629248887
1263,251,2.544575277323348
1263,206,2.719779674781064
1263,245,2.556167116047715
1263,244,2.3334914723305924
1263,246,2.4877824187354194
1267,205,2.6765823855901836
1267,214,2.4810190505678076
1268,17,3.3044921834208747
1269,1971,3.0003587583840274
1270,2,3.175197005824766
1271,219,3.11770801765145
1272,7,3.2387903505014495
1272,2,2.926418464354248
1273,205,2.713067172044905
1274,215,3.351710739135739
1274,251,3.1206268272094317
1274,213,3.1521786211162732
1274,220,3.029556942030272
1274,235,2.7813482726926915
1274,236,3.3094846789173604
1274,211,3.3928736766113836
1274,219,3.3089389365547177
1274,13,3.3825523037442915
1278,745,2.4460874983144167
1279,7,3.4246768791243496
1279,234,3.048294629132845
1279,257,2.8894021300537784
1279,249,2.9576230840694753
1279,243,2.7991655526870467
1280,206,3.4309002535941535
1282,255,3.438963579935296
1283,251,3.2381773588986675
1283,216,3.143024497324854
1283,1,3.2237845983430864
1283,253,3.125151400184146
1283,247,3.1569387214864
1284,236,3.4170809173293755
1284,12,3.1764217713313427
1284,254,3.3338445110575665
1285,215,3.692205537895265
1286,2,3.5993838510579046
1286,121,3.3423121934370905
1286,216,3.3507899551114577
1286,212,3.3031439830966183
1286,233,3.305687879214412
1287,213,2.8773391341929506
1287,9,3.364161158157245
1288,215,3.419575568993398
1288,253,2.7978598186122734
1288,597,2.2605527831170704
1288,431,3.5992719247234173
1289,235,2.58058263920838
1289,234,2.6602298354936837
1289,253,2.6691650066470682
1290,236,3.2757230350215734
1290,11,3.5644143138086792
1291,216,3.570707495789836
1292,250,2.6186125055964022
1292,220,2.3291970811116944
1292,121,2.379842167574658
1292,254,2.4006546199578853
1292,11,2.7460592523271017
1292,6,2.372679342626238
1292,256,2.2384563026882685
1292,243,2.0437880211559762
1293,251,3.4179764292937
1293,12,3.187401926899674
1293,245,3.345313719481835
1293,11,3.719302007534742
1294,253,3.1808220600575634
1295,250,2.1653077225024457
1295,210,1.7940199680370763
1295,256,1.7610108088819834
1296,215,3.722054987677035
1296,7,3.852245532891644
1297,211,3.1887269168504604
1297,239,2.9676645936724415
1297,1590,3.0003587583840274
1299,17,3.7470145932787844
1299,13,3.7424979939194327
1299,1362,3.999643112062812
1300,215,3.566450122516987
1300,5,3.5575298224460026
1300,9,3.6409954850573123
1300,216,3.2280036760959567
1300,205,3.2877550457715463
1300,245,3.3121869250957214
1300,239,3.2841507649606023
1301,246,2.6267272530937644
1302,5,3.4628861836697413
1302,7,3.4991155572354633
1302,13,3.5705091038718186
1302,4,3.4594208670717945
1302,8,3.4299275820807624
1302,253,3.165591994993632
1304,7,2.9838795410359493
1304,12,2.6295712903183506
1304,6,2.8899371137221532
1307,1982,3.0003587583840274
1308,250,3.6738952023412548
1308,255,3.491419056436714
1308,217,3.3869168962508196
1308,3,3.52107142302691
1310,206,3.036145738361751
1310,1,2.8023309200915643
1311,11,3.6629149781364045
1311,1,3.3712500486469597
1312,207,2.966496850987056
1315,215,2.8124420069853717
1316,254,3.039300587487469
1317,220,3.2827402664117407
1317,13,3.5995343495538803
1317,1,3.3769977273678387
1318,214,3.6073656663906384
1318,219,3.870526360395407
1318,11,4.0
1321,4,2.750297028355977
1325,12,2.8572850117995565
1325,239,2.9109315852339455
1325,11,3.4450655702546173
1328,213,3.002575108969631
1328,7,3.644105120779581
1328,313,2.385119047619048
1328,1340,3.0003587583840274
1329,10,3.5313326351763012
1330,1556,3.0003587583840274
1333,205,2.8573239415695935
1333,4,2.731639682750725
1333,563,3.2034724851469285
1333,1057,3.0003587583840274
1333,1987,3.0003587583840274
1333,1992,3.0003587583840274
1333,1995,3.0003587583840274
1333,493,2.96334388185654
1333,1998,3.0003587583840274
1333,1999,3.0003587583840274
1333,928,2.4656691939010935
1334,257,3.002487072222007
1335,241,2.828923635432971
1335,5,3.1197609943653775
1335,11,3.2601686275525275
1335,4,3.111047045559405
1336,11,2.9952340553418484
1336,332,3.0003587583840274
1336,2029,3.0003587583840274
1336,2030,3.0003587583840274
1338,217,2.356324374883493
1338,84,2.3503134675419948
1342,251,3.4709358924855347
1342,7,3.659064365091309
1342,17,3.55701830545814
1342,2,3.291786073000965
1342,12,3.328706983363292
1342,255,3.4000867447702627
1342,217,3.288865393327688
1342,1,3.2545907694395124
1342,659,2.7316485383819726
1343,11,3.238252894647393
1343,4,3.071455306781938
1343,253,2.7393776416271938
1344,258,3.0003587583840274
1345,219,3.5410913109690316
1345,1,3.392768374392376
1346,12,2.7702951271825422
1347,5,2.9774346829323433
1347,236,2.9351210969803465
1347,207,2.537598213564179
1348,215,2.9848509406457513
1349,13,3.0582156127874947
1351,8,3.194731042257474
1352,206,3.673459004226776
1352,220,3.421236987192468
1352,12,3.3575003521886213
1352,9,3.805784123876097
1352,257,3.2370925896673155
1352,84,3.421614479958473
1352,256,3.3163832437478087
1354,3,3.8330891764955024
1355,17,2.6065554456601743
1355,12,2.6156524507367065
1355,254,2.7083312720890587
1355,207,2.5001795406627774
1356,10,1.5611688139618183
1356,13,2.0579824695485165
1357,709,4.0
1357,522,3.6797587538290446
1359,8,3.1263209339521802
1360,477,2.8632810081335838
1361,251,3.3698753488115223
1361,236,3.3932906731726034
1361,246,3.2468317088518965
1361,512,3.9320069027351727
1362,236,4.0
1363,251,2.934960070699405
1363,213,2.8958395115496858
1363,241,2.770231348181607
1363,210,2.656541322990443
1366,219,3.380719399888078
1366,253,3.15020739924356
1367,12,3.48716486616645
1367,216,3.5466707468634766
1367,13,3.86858284090546
1367,6,3.6261568851955523
1368,1,3.114218851593669
1369,7,3.550092719651547
1369,239,3.355214252413606
1370,241,3.1089087435005633
1370,13,3.4419406792903695
1370,257,2.871400896807416
1370,8,3.3562851190852014
1370,248,2.933413931899088
1370,243,2.7618325348856922
1373,13,1.6066827536348531
1374,7,3.460798676774297
1375,220,2.698716792193216
1375,9,3.0140878812658127
1375,211,3.045938900046897
1375,3,2.7766556691091098
1378,7,3.581371469375077
1378,2,3.560539962401517
1378,205,3.323144937709465
1378,219,3.5173117618635574
1378,4,3.625479386163814
1379,234,2.805947688907862
1382,234,2.8127541396513207
1382,219,3.1017439326692915
1382,257,2.5908547836113787
1383,11,3.507474263073062
1383,343,2.514365706408382
1385,235,3.0843029317743476
1385,10,3.3208005313542563
1385,249,3.128608052723868
1386,236,2.6125366135212347
1386,10,2.7015011361048193
1386,1862,3.0003587583840274
1386,732,2.7385664099364204
1386,104,3.0003587583840274
1386,838,1.6822916666666667
1387,2,3.521358959674548
1387,3,3.4173271339086626
1388,236,2.291078876962448
1388,216,1.9799787908522886
1388,207,1.9718815552642632
1390,4,3.509745528921587
1390,233,3.210411722434522
1392,12,2.8932848588537214
1393,5,4.0
1393,220,3.8366563091554857
1393,236,4.0
1393,254,3.8811007325792173
1393,252,3.7322868160135374
1393,249,3.721263252577717
1394,270,3.834526030488642
1396,242,3.4620556692287443
1396,84,2.7039198078190996
1398,246,3.1959162292863645
1398,478,3.531672442535953
1398,512,3.8322253828020365
1398,716,2.806573615591467
1398,509,3.3846375085619327
1398,522,3.558548042800507
1398,274,3.331098419700881
1398,948,4.0
1398,770,3.0003587583840274
1398,564,3.630462724935733
1398,2042,3.0003587583840274
1399,9,3.101644445882815
1399,216,2.695512096270115
1402,2,2.655414198589022
1402,926,2.761422442150815
1402,2044,3.0003587583840274
1404,11,3.0003587583840274
1406,235,2.736246823722253
1406,333,3.0003587583840274
1406,1118,2.4981913587092777
1406,327,3.0003587583840274
1406,557,2.121527777777778
1407,1533,3.0003587583840274
1409,219,3.902223324609915
1409,10,3.6267425860894407
1411,215,3.0003587583840274
1412,5,4.0
1414,220,2.4640835286487692
1414,11,3.0056905189880045
1414,1,2.488291340743391
1414,4,2.804329980818977
1414,8,2.8935419990154276
1414,243,2.1329653175252137
1415,5,3.2726832428641908
1416,234,3.127507072004681
1416,3,3.258874023653933
1416,1,3.2478192908944847
1417,352,2.8242002006641145
1418,1198,4.0
1418,1594,4.0
1418,268,3.6780508401711365
1420,5,3.8072976834973398
1420,11,3.928716392193491
1420,244,3.3286979094551734
1420,13,3.828739680612227
1420,8,3.8151282143673577
1420,247,3.444500662292176
1423,235,3.2754822947295468
1423,212,3.5035887755841193
1423,252,3.4045975659719816
1423,4,3.7906560388548014
1423,233,3.5251757517014846
1424,246,2.8080138922215676
1425,12,2.600643877777438
1425,3,2.691955118143591
1425,244,2.3946356759354055
1425,1,2.865551335698147
1425,256,2.3781198818312217
1426,213,2.1327924909053966
1426,17,2.204066004308239
1426,9,2.461702712560667
1428,213,3.6607376660146307
1428,245,3.615932564450583
1428,252,3.449755947864811
1428,257,3.37059412923534
1428,84,3.504014252761441
1428,249,3.4336602122857833
1429,9,3.8924387153822257
1429,10,3.6524331502361007
1430,214,2.3011053294492534
1430,254,2.3778072313336374
1430,233,2.3553169063850756
1432,2,3.281136897765325
1432,219,3.2123850530780604
1432,584,2.6637734600460314
1433,7,3.709463259830044
1434,2,2.621629854859025
1435,391,3.522439194238953
1435,157,2.7096746532699734
1437,847,2.7107422438735487
1437,1876,3.0003587583840274
1437,528,2.787352210142334
1438,206,2.466536911328176
1438,205,2.3770593382488103
1438,214,2.118855489496937
1438,3,2.3456060965906715
1438,13,2.524041889549539
1438,246,2.139727322907032
1439,236,3.14649798351341
1439,84,2.8855620086805835
1440,1,2.936849072043418
1440,253,2.688111722229154
1442,17,3.663376442117197
1443,206,3.8186797393840872
1443,9,3.7780658094577713
1443,207,3.9256245387472912
1444,215,2.4461750450253277
1444,12,1.965512835408306
1444,245,2.1767657733374333
1446,220,2.4105837341985237
1448,7,3.6029388381545324
1448,206,3.585538434407089
1448,216,3.3460086178494817
1448,217,3.3328569334843756
1448,245,3.4103600898199113
1448,239,3.358809198580472
1448,13,3.685667461491509
1450,9,3.374541617695219
1451,5,3.4008432034959233
1451,17,3.2119462976941584
1451,239,3.0176639151577427
1451,249,2.8886959241792884
1451,247,3.0123124800439185
1451,2051,3.0003587583840274
1452,17,2.067830555260615
1452,1036,3.2724358974358974
1452,2053,3.0003587583840274
1453,213,2.828444276143392
1453,12,2.60038767038175
1453,217,2.7081757350413027
1453,205,2.8310990842469663
1453,248,2.5573734174485754
1454,7,2.566542288999554
1454,12,2.2714051946440326
1454,214,2.1841556937119724
1454,13,2.613416484251011
1454,210,2.1588467601400145
1454,247,2.262818045175292
1455,207,2.3902219778462435
1457,213,3.345007662139363
1457,241,3.1871744804423985
1457,206,3.4947908821957157
1457,234,3.2278513405432947
1457,212,3.262202795758701
1457,11,3.7946436841349045
1457,247,3.2424853595018788
1458,17,3.931507394074914
1458,244,3.6916992183891417
1458,257,3.623448657419906
1458,6,3.904774759202585
1459,215,3.563182323451249
1459,10,3.0819401502448027
1459,658,3.7635235267767415
1459,1655,3.585628639592045
1460,215,3.170643395138413
1460,7,3.1145429444129293
1460,2,3.174769646387461
1460,217,2.842469038214051
1460,205,2.942335757122098
1460,13,3.203467242246237
1460,257,2.654289607489651
1460,246,2.8088115892565884
1460,243,2.5413262676028414
1461,220,2.67651260085655
1461,2,2.980468377573512
1461,235,2.4703547665715897
1461,219,2.950719461499627
1461,246,2.6749420693906183
1462,2,3.1315925222715
1462,1,2.918504346846365
1462,252,2.631783641097224
1462,253,2.729744368952286
1463,11,4.0
1464,2,2.758762189492206
1464,3,2.5251216224763597
1464,13,2.7591882346975463
1464,207,2.351698786576459
1465,249,3.4406455839959538
1467,7,2.984245923033892
1467,206,2.9492071717488137
1467,243,2.38527415222282
1468,241,2.9450216605228143
1468,236,2.9970174711421023
1468,940,2.8882535456179816
1468,398,3.298986930246197
1469,239,1.7010812288257338
1470,250,3.09942609671378
1470,206,3.0859035269943758
1470,216,2.8642007591136007
1471,236,3.3014530627437475
1471,211,3.2702758815322492
1471,8,3.294158320691725
1474,236,2.7518071321672615
1474,12,2.4412374470653724
1474,255,2.601714136852222
1474,214,2.4983354895462995
1474,257,2.334734125656651
1474,210,2.3907225878144005
1474,84,2.527732068738067
1475,235,2.522048107365977
1475,255,2.7771970336511473
1475,219,3.0018744718191823
1475,212,2.729284544551857
1475,11,3.191414195814243
1475,244,2.629259040310507
1475,210,2.6557489396079186
1476,234,3.5011732700455145
1476,6,3.638223131580396
1476,256,3.495208908353272
1477,11,3.0003587583840274
1478,251,2.789583061710026
1478,220,2.5970007105387003
1478,12,2.632508486375191
1478,239,2.698863020385945
1478,256,2.618796703355637
1478,588,2.9055569558222385
1480,219,3.0900581602341797
1480,1,2.935878522682564
1481,452,3.6722222222222225
1482,213,2.400308439299068
1483,206,2.753493699431619
1485,9,3.221905883076999
1485,4,3.3887656590846134
1486,234,3.2161437755878683
1486,3,3.3716068632384024
1486,1,3.392763753204682
1486,252,3.151043857998148
1486,84,3.19307414500727
1486,248,3.12969234271097
1489,215,4.0
1489,7,4.0
1489,2,4.0
1489,252,3.6811790907368724
1489,210,3.7198141904141337
1491,11,3.358467504301811
1491,623,3.9430281212861393
1492,211,3.8633993569574008
1493,1,3.9423931856580707
1493,297,3.7513774104683195
1493,1729,3.0003587583840274
1494,3,3.9086237811610323
1495,268,2.207468169079329
1496,764,3.6929802941686534
1496,389,2.25801253582737
1496,1936,3.0003587583840274
1496,1946,3.0003587583840274
1496,1033,3.0003587583840274
1497,242,2.8434357472303704
1498,213,2.486340023350474
1498,5,2.6504800637985437
1498,235,2.1702138391621544
1498,9,2.6804146895177157
1498,121,2.402752148324425
1498,257,2.186370786790914
1498,8,2.6879490815460083
1498,243,2.098296819154404
1499,213,3.345028382409384
1499,241,3.307800449018792
1499,236,3.5199450512648185
1499,9,3.624383427363215
1499,216,3.267343768168902
1499,207,3.271383517093244
1499,249,3.1977742707477432
1500,7,2.1178023069369
1500,12,1.8428535670614237
1501,254,2.4144287786843193
1501,244,2.288953032690458
1501,10,2.4644177924314796
1501,248,2.2472921477535066
1502,255,2.90676640881171
1502,212,2.826772274905459
1502,10,2.820833196620894
1503,7,3.5267516138173467
1504,100,1.9955223880597015
1505,215,3.298313226672957
1505,207,3.0312268222314485
1507,2,3.195775665429359
1508,253,2.854798683763121
1508,806,3.0125008547282848
1508,693,2.531959241060394
1508,751,3.0003587583840274
1,10,3.149980389181723
1,8,3.509879750790951
3,17,2.7819783155237117
3,26,2.71964582019983
3,73,2.16927703010968
3,179,3.0003587583840274
3,146,3.0003587583840274
3,157,3.0003587583840274
3,191,3.0003587583840274
3,120,3.0003587583840274
3,22,3.0003587583840274
3,63,3.0003587583840274
3,76,3.0003587583840274
3,77,3.0003587583840274
3,89,3.0003587583840274
3,107,3.0003587583840274
3,111,3.0003587583840274
3,118,3.0003587583840274
3,126,4.0
3,133,3.0003587583840274
3,135,3.0003587583840274
3,163,3.0003587583840274
3,181,3.0003587583840274
6,210,3.0909542393797453
7,13,3.091844286784607
12,220,2.888039737941716
12,207,3.039185192777737
14,234,2.402155099403332
16,1,3.3734594519278405
18,9,3.0003587583840274
21,211,3.875209253123809
21,205,3.608319253971522
21,10,3.516732044028939
21,252,3.396395168199349
21,247,3.506776708865278
22,17,3.7548538684798514
23,213,2.820943884229619
23,8,3.0024074643215712
25,12,2.717748278316146
25,11,3.282801713334713
25,84,2.74465884525692
25,248,2.637110426763096
26,11,2.8798340454094937
27,215,2.604220987887123
27,255,2.3129198456698505
28,7,3.073870467610386
28,255,2.856758391599564
28,214,2.739281681361713
28,3,2.9246413233864064
28,212,2.792003031880228
29,270,3.2592601464622026
29,277,3.0003587583840274
30,251,2.3699116283785315
30,2,2.5433745605907676
30,236,2.49214283242632
30,10,2.369517530522401
30,248,2.101946231947924
30,249,2.1700291932559503
31,216,2.6810825996577092
33,207,2.5033463445020567
34,12,3.1428314968001434
34,219,3.4051739292898735
36,5,3.9423174734241213
36,207,3.625224360472365
36,8,3.9479146960463694
37,5,3.9488451986586477
37,234,3.612357678821538
37,211,3.9674841019886893
37,4,3.9459700895806504
37,8,3.965169651307201
37,210,3.5589098365412766
37,243,3.343075750050302
38,3,1.617213417654311
38,4,1.7975455318499456
39,5,3.546792950138286
39,17,3.502863082529432
42,212,3.318168072498387
43,10,2.0501537397496348
43,13,2.56613422815121
43,1,1.9760783343510255
44,207,3.0750246594042285
45,215,2.3171297088380465
48,11,3.765667283265234
50,251,3.5483359250120943
50,213,3.5499310643109414
50,206,3.642118671562102
50,17,3.630857603016834
50,3,3.542087886170833
51,235,3.0003587583840274
51,325,3.0003587583840274
51,323,3.0003587583840274
51,315,3.0003587583840274
52,11,3.6110640836078054
53,12,3.3986129934357985
53,219,3.621568999051467
53,4,3.6825995466332775
53,210,3.2698866035314924
55,216,3.1992371104430206
55,3,3.315442522583227
55,10,3.203145314727471
55,249,3.0912102994747555
56,236,2.7576121219181604
61,7,2.429912361091033
61,214,2.0890790951298874
63,218,3.958020399130507
63,346,3.0003587583840274
64,217,2.9620253390975035
64,10,2.9715603505551917
64,1,3.0319632493999893
64,4,3.271982528637511
64,256,2.8190764113954203
65,207,2.836090107943099
66,1,2.1628943850696607
66,210,1.9826570715947707
67,234,3.0333320549385627
68,219,4.0
68,243,3.636533361224322
69,2,3.2280958921865963
69,235,2.6422831035443637
69,236,2.914537717403385
70,236,3.796283702783178
70,13,3.81867996883273
71,1,3.5781219085656906
72,251,3.7339855001976234
72,213,3.7372050341555347
72,17,3.732552897855384
72,2,3.929097171993999
72,9,3.902657807985146
72,216,3.634570378526774
72,207,3.5966826060876014
73,213,3.0677921565560284
73,5,3.274941575032953
73,220,3.0138377636827833
73,9,3.2260926018037623
73,245,3.0431043177169355
73,3,3.1361492062230667
73,212,2.9556001286067075
73,10,3.034235333778692
73,207,3.0014296584654176
73,256,2.8599214267788975
77,215,2.3255260243632336
78,371,3.0003587583840274
78,374,3.0003587583840274
79,250,2.4389889409660945
79,257,2.074761262957168
79,218,3.085309464314416
79,248,2.3918149748618824
79,406,2.5288578149276404
79,500,3.0003587583840274
79,488,3.4906400473247117
79,476,3.0003587583840274
79,497,2.1666666666666665
79,387,3.0003587583840274
80,318,4.0
81,435,2.6241153778279527
81,379,3.148390372171007
82,11,3.269154486095134
82,551,3.0003587583840274
83,250,3.1850597698158616
83,206,3.123975524220464
83,121,2.897207153735252
83,217,2.9019341348961585
83,8,3.1931324191987005
85,213,3.8824954706114423
85,211,4.0
86,239,3.83631302895254
86,252,3.698585985102199
86,257,3.6249854385576
86,6,3.891301444247764
87,12,2.374417350754637
87,239,2.3905006569133955
87,1,2.3762219824953545
87,207,2.3161074052080415
88,7,3.2328831548542882
88,236,3.3576500110083507
88,207,2.6228346684664183
89,1,3.2319336920857618
91,8,3.2677293395380222
91,557,3.0003587583840274
93,3,2.726938760727111
93,11,3.111899349923909
95,220,3.2371378372388513
95,235,3.113717339302053
95,121,3.3086757405299343
95,245,3.3383778690453005
95,10,3.375093792483627
95,577,3.0003587583840274
96,255,2.8209445154868877
96,219,3.008156684362706
96,254,2.8495135963700977
96,207,2.7844459356261417
96,256,2.706582575256855
97,250,2.9732538247963043
97,121,2.7196584383795193
97,11,3.308273528118395
97,84,2.7085755554272763
98,236,3.836786911739733
98,592,2.430421189475088
98,336,3.995355880671236
98,588,3.802990360335052
99,12,2.659901925053207
105,7,2.9589188707814134
105,211,3.0083163732965668
107,2,3.6754755034951585
107,235,3.142244935564489
107,236,3.491806315589809
107,84,3.267906566390277
109,601,3.0003587583840274
109,603,3.0003587583840274
111,17,1.98888547131426
111,2,2.0962447040166445
111,235,1.6063759980389987
111,205,1.90717640961934
111,13,2.0965920229860417
111,8,2.1422180367878196
111,247,1.7905218158797545
112,247,2.009117095010234
114,215,2.8681660938954465
114,7,2.897824483053888
114,9,2.9226141790398645
114,233,2.636529047649617
115,7,3.340568036207067
115,255,3.141833477097459
115,233,3.1300487127881915
116,299,3.5660306250828677
117,236,2.982365562089614
117,219,3.1974343444949893
117,13,3.2162524097689147
117,207,3.028311022590198
119,11,3.2570969579741513
120,251,3.4298846715601923
120,17,3.6016517415592926
121,215,3.4211917703424195
121,250,3.362271394738942
121,216,3.1318783504613483
121,255,3.1728894112280597
121,211,3.421973792753866
121,239,3.167083292890921
121,212,3.086673130897202
121,246,3.0925395370125415
122,10,2.1073797561814462
123,250,2.5732230662560895
124,215,2.640129097313985
124,216,2.52125378326784
124,205,2.5949250089220803
124,3,2.564736973131312
124,212,2.356806718697717
124,252,2.3153506788084415
124,257,2.2743914244688614
125,251,3.662542851120908
125,235,3.3285639965895255
125,236,3.6522597067264995
125,10,3.5714088156095016
126,12,2.8693846447891533
126,8,3.4349975168942812
127,612,3.0003587583840274
128,220,2.1974433428934446
128,11,2.638448759247287
128,10,2.252209721749889
128,616,2.7009526002512967
129,7,3.848526703017199
129,3,3.7648530012958914
129,91,3.8858188931246986
130,216,2.897465755390892
130,234,2.834307304117865
131,251,3.3177897445672895
133,5,2.8106115551377084
133,619,3.0003587583840274
135,17,3.35438164164434
136,103,4.0
136,623,4.0
136,636,4.0
136,648,3.0003587583840274
137,220,3.0622522531903162
137,6,3.2195385411436312
138,234,2.6887290478049497
138,217,2.733928758883848
138,257,2.585688194565344
138,8,3.0571199983520643
139,6,3.27105957613258
139,248,3.0973000662871604
141,10,3.3471764017046204
142,236,3.06320583532273
142,207,2.6217641869855357
144,207,3.0769728761846737
144,148,3.2824512871180422
146,239,2.9432042261765656
146,252,2.7938348831273334
146,6,3.005459557020253
146,210,2.707568769777853
146,246,2.8436179859511865
146,256,2.75308123438905
147,213,2.7346785897290875
147,220,2.5914467940797765
147,219,2.9056653956116385
147,252,2.4566328065225393
147,210,2.431034717844576
147,84,2.542657221110505
148,206,3.6474702866665685
148,2,3.7622350241948714
148,236,3.6795326678981244
150,236,3.2627561349849477
150,121,2.9487291391158847
151,236,3.382659146276544
151,8,3.440536755987776
152,235,2.431984520639783
152,236,3.0947108721036583
154,12,3.298826606708368
154,669,3.0003587583840274
155,206,2.4837998331433364
155,11,2.765815298602776
155,244,2.1137395727374817
156,250,2.69513763416258
156,245,2.49300006382542
156,207,2.4192085723261787
159,17,2.7048939375854597
159,216,2.282379687570555
159,8,2.869717312750038
160,213,3.4689907422706456
160,10,3.37939241454292
161,250,3.4076626486818493
161,675,3.6884365027680377
161,347,3.6760870366432243
161,706,3.2402724627784654
161,593,2.8232653491315394
161,453,2.0575697581842403
161,474,3.0250037486879595
161,620,3.775411012691293
161,419,3.274751321297921
161,705,4.0
161,20,2.2524808786219404
161,678,3.132621101499
161,490,3.0199152785866485
161,383,2.481761570128498
161,743,2.232161816644231
161,742,1.558971475645218
161,81,3.4830856072426926
161,751,3.0003587583840274
161,708,2.230769230769231
161,714,3.233718863027588
161,766,3.0003587583840274
161,767,3.0003587583840274
163,213,3.2334155585651345
163,17,3.2374747619318804
163,236,3.3322277009239745
163,239,3.1151965712152347
164,2,3.5650976496238624
164,397,3.62065758596972
164,445,2.8131210898225585
165,7,3.6318600806335333
165,10,2.6360234836310905
165,805,3.2716369603557385
165,803,3.0003587583840274
166,249,2.5702692228300443
167,215,3.649843757380008
167,206,3.5811584849891247
167,254,3.365887422854937
167,1,3.4511505586251747
167,253,3.318485539768336
168,216,3.0287963904315105
168,234,3.052848241410625
168,217,3.0562651992436916
168,3,3.1556442825823785
168,256,2.95201510380568
168,291,3.5966070525978266
169,241,2.9819164454973204
169,7,3.2158104446053013
169,211,3.3230910075779603
169,10,2.9313871462630816
169,257,2.766086542261429
171,235,3.473763805822638
171,9,3.980011115164123
171,3,3.81044876474765
171,84,3.6345866913910467
171,256,3.5654810237886085
172,215,4.0
172,254,3.9873471526885442
172,11,4.0
172,1,4.0
173,2,3.647559339950171
173,10,3.3199983157757114
174,236,2.169032375981924
174,234,1.948395575830715
174,239,2.039369992753377
175,215,2.976263578820449
175,17,2.840138718650296
175,236,3.0021019203682977
176,215,2.326279997992568
176,5,2.3698725705000565
176,7,2.3438109614604055
176,220,2.033540146624108
176,2,2.4183053477221232
176,235,1.9233065246006122
176,12,2.054962882421514
176,121,2.136197477334825
176,3,2.2034760437788767
176,212,2.0742534152433345
176,207,2.1337973755697335
177,806,2.7672230952231733
178,235,1.9913692051775165
178,11,2.638194486163412
178,253,2.129316196424611
179,219,3.5530643204130077
183,251,3.4662246966154475
183,252,3.22000516800821
183,248,3.195020718214156
185,12,3.1379030496471967
185,1,3.3290785106549228
185,207,3.1400076692466095
185,243,2.8922528523848072
187,250,3.0716308720053602
187,2,3.0207625282892776
188,17,3.2924468907879776
188,717,3.4455006878538232
188,606,2.6457316149901926
188,510,1.708873733240595
188,810,2.6294223272862483
188,148,3.179160646103862
188,716,2.5217334639964726
188,746,3.123855099647343
188,732,3.7827296963416015
188,73,2.842825034192551
188,20,2.5557552998956283
188,817,3.0003587583840274
188,825,3.0003587583840274
188,826,3.0003587583840274
188,832,2.343890712636168
189,215,3.624420008377713
189,250,3.804198765857853
190,13,3.0908608883370206
191,17,3.6022828304164793
191,207,3.282869875734369
192,432,3.7778614207158085
193,255,3.1311157701876717
193,8,3.364162888848078
193,210,2.8141752096408905
195,2,2.539252474985938
195,11,2.982387594509422
196,2,3.104393262436029
197,213,2.6248776691978866
197,7,2.8281495970881263
197,216,2.597544002771515
198,2,3.5665784062522383
198,235,3.027830082716104
198,9,3.5078567852771467
198,216,3.177067123141977
198,11,3.700064145372128
198,253,3.19715180000265
199,242,2.492753728838469
199,880,2.502468059712717
199,91,2.2593613195946567
199,877,2.6053322868693973
199,452,1.926437703342893
199,441,1.684360688116038
199,849,3.0003587583840274
199,854,3.0003587583840274
199,858,1.8023054659087854
199,889,3.0003587583840274
200,245,3.479744791463977
200,10,3.360079859216838
200,604,3.4338690785696184
200,434,3.902315887533036
201,217,3.3396015726554213
201,3,3.453586287911156
201,4,3.6023571841626563
201,405,3.79929173525803
202,215,2.96725749914682
202,250,3.0207422009599263
202,246,2.691948691878062
202,84,2.700014104931949
204,245,3.9756327897787074
204,212,3.8810328832804752
204,257,3.712406926212616
205,250,3.6853906318763117
205,234,3.311400437216388
205,11,3.696198442392136
205,257,3.1300450888016913
205,256,3.27391656450782
206,251,3.2170809942869476
206,213,3.2077924068506283
206,245,3.192548173698443
206,247,3.061932930956022
207,12,3.145485398768403
208,5,3.487820457660203
208,2,3.287282261041356
208,212,3.001347034256622
209,217,2.6482151347190883
209,3,2.7893114521029645
209,11,3.1600580816554613
209,10,2.6982284914173587
209,1,2.7548266380585793
210,207,3.4177492366775644
212,205,2.8776714805924
212,1,2.7811136275464627
214,7,3.5466998871741406
214,17,3.426769670990701
214,236,3.5013180022224892
215,215,2.694985475125673
215,5,2.6872459280815075
215,12,2.5092230656637198
215,245,2.5004688050543002
216,17,2.9257311896810108
217,241,3.4089238821371812
218,246,2.302656401568332
218,253,2.3203500421029464
222,207,3.134488637499598
223,220,2.9163793968916885
223,234,3.0075027922379642
223,205,3.0130348453260027
223,13,3.36845712509198
223,210,2.929264099083578
224,250,3.6306489664272528
224,2,3.7475160724922834
224,12,3.3999954516551294
224,9,3.382086530174791
224,245,3.3881527522204267
224,3,3.4872676150312043
225,250,3.3046559062052725
225,236,3.363125803163956
225,121,3.035298960942594
225,255,3.1053725345889145
225,254,3.0422911102988235
225,249,2.907529155396142
225,243,2.708566741667886
226,7,3.7664952108884586
227,241,3.5738653868966166
227,205,3.6618663406954908
227,239,3.598562471499935
227,219,3.7979728755633193
227,10,3.5981519109667723
227,253,3.558166254433128
228,7,3.2288513135918935
231,917,3.0003587583840274
232,7,2.376736340204932
232,206,2.487970125659889
235,12,2.4835788429369594
235,239,2.653805353047997
235,3,2.6884215689092072
235,13,3.015404563221001
235,4,2.824747453197457
238,9,3.20361982771913
238,13,3.061114147941616
239,9,3.1168393295292773
239,6,2.7863270045999187
240,12,3.478418469048135
241,253,3.2217583513655685
242,11,3.0003587583840274
243,246,2.659652413772146
243,932,2.5674587724173947
243,923,0.9231612838168277
243,435,3.3596240857255446
243,577,3.0003587583840274
243,924,3.0003587583840274
244,12,2.765485838507516
244,11,3.1677277384312763
245,234,3.1104667137034894
245,245,3.2123332102567437
245,210,3.037008234203847
245,256,3.022700127895399
247,279,3.0003587583840274
248,220,2.345575458082688
248,11,2.9266669700406647
249,220,2.561356902559978
249,247,2.5986550369341157
250,251,2.8798357913420953
250,241,2.8864217495418067
250,4,3.128821130317109
250,246,2.770037022314081
250,249,2.6657321073700535
251,205,3.15810557336595
251,219,3.3397675136813154
255,205,2.8969979164972632
256,1,2.479031029312848
257,7,3.0003587583840274
259,251,2.5771731690558966
259,7,2.7122980296959103
261,7,3.5016836852769946
261,3,3.4265511003823894
263,213,2.9207457811319575
263,205,2.8501398952703503
263,214,2.8349291612122345
263,252,2.6824780503736134
265,213,3.4456880631134212
266,17,3.478301362389151
269,2,1.9421086243668502
269,11,2.0463610184597227
269,376,3.0003587583840274
270,241,2.626567678995281
270,206,2.8545640790078233
270,216,2.623759231286746
270,217,2.620978455070601
270,245,2.7083705727724974
270,10,2.6780305453330446
270,243,2.2999405828996062
271,217,2.2994986716096624
271,205,2.3250915735966213
271,214,2.3490311658073977
271,11,2.7765491725622313
271,13,2.662953424064123
271,252,2.1672991898329537
271,246,2.3579579940784856
272,214,2.5694904354911743
272,210,2.526371947097766
272,391,3.369011223570754
272,70,2.1928070584662067
272,242,3.4978828953903256
272,397,3.028500083662262
272,347,3.4561782142616773
272,318,3.4887749059544335
272,698,1.6430787542026797
272,715,2.4044272894487735
272,747,3.0003587583840274
272,26,3.1837214214125074
272,59,3.022787065353337
272,718,2.241425266903004
272,1010,2.921874002903579
272,959,3.0003587583840274
272,295,2.880525522160076
272,314,2.778094209156351
272,516,3.562640014639549
272,720,3.0003587583840274
272,754,2.337810131225596
272,766,3.0003587583840274
272,942,3.0003587583840274
272,945,0.5
272,970,2.337121212121212
272,1001,3.0003587583840274
272,1003,3.0003587583840274
272,1014,3.0003587583840274
273,251,3.0884920236847977
273,2,3.126985201149228
273,235,2.730065235854936
273,219,3.1077497830818928
273,1,3.039888608480526
273,659,3.0207881997557333
274,205,3.9906671876115984
274,245,3.972912168575017
274,239,3.9362545014674106
275,554,3.0003587583840274
276,213,3.323120896952504
276,9,3.4670345864835412
276,216,3.201523292561581
276,11,3.6406962459323613
278,1022,3.0003587583840274
279,206,3.144270865665794
279,11,3.3019850606893666
280,251,2.0766672196185327
280,12,1.8287893283873622
280,211,2.2845014133005384
280,239,2.013524923863727
280,207,1.9310236214318106
281,250,3.151558643345744
281,5,3.16916540710163
281,212,2.8585363647538733
283,11,4.0
284,1029,3.845407013871059
284,190,3.0003587583840274
285,234,3.50674935750951
286,5,3.8631172174630923
286,1,3.6147927892401324
290,206,3.1029666749178144
291,250,3.3636096596250664
291,251,3.182339142505095
291,213,3.16380392574589
291,12,2.9276914418131113
291,205,3.072738758606086
291,1,3.091732238751504
291,233,3.077963917696837
292,251,3.6231291631563174
292,236,3.74739938548503
292,8,3.803627126944159
293,235,2.762382749407922
293,10,3.001283531574014
293,13,3.3369351627557484
294,250,2.7185066871722894
294,251,2.5767530184416527
294,7,2.741823214121112
294,217,2.4330061564250447
294,13,2.8403029829689994
294,8,2.860944803539371
295,241,2.293691748932412
295,2,2.6505597216623897
295,234,2.3445122181661233
295,253,2.381466572508357
295,249,2.2352297287385845
296,216,2.824978430234573
296,219,2.969356468478359
296,252,2.6482348003568537
296,207,2.8422220033724415
299,5,3.480907441237323
299,245,3.3066676617961237
299,11,3.6789459450371877
299,13,3.5540194346265506
299,207,3.1390395964449183
299,253,3.197944800209422
299,256,3.1063869279496346
300,638,3.0116048047358452
300,1011,2.128346199111934
300,1068,3.0003587583840274
300,793,3.322222222222222
300,1044,3.0003587583840274
300,1056,3.0003587583840274
300,1065,3.0003587583840274
300,1067,3.0003587583840274
301,250,3.5848137498989696
301,9,3.6361249483540172
302,215,3.215514420289605
302,250,3.195576967016497
302,213,2.9698972309695617
302,205,3.0316279227147684
302,246,2.8593800619593233
306,2,2.5911562355090583
306,3,2.329566500163178
306,4,2.748333052914893
306,207,1.9399899516653076
307,17,3.1327232318183644
307,13,3.0748686028607577
308,239,2.3951620736935695
308,13,2.635919740135212
308,1116,3.0003587583840274
308,247,2.381914143626173
308,1075,3.0003587583840274
308,434,3.1147593043930013
308,1034,2.541890168757962
308,1074,3.0003587583840274
308,1077,3.0003587583840274
308,1099,3.0003587583840274
308,1103,3.0003587583840274
308,1104,3.0003587583840274
308,1113,3.0003587583840274
308,1117,3.0003587583840274
309,250,3.125604081669283
309,220,2.730396549978484
309,205,2.7666772553401495
310,116,3.0003587583840274
311,17,2.99370360958672
312,220,2.1358608599262032
312,255,2.09782179033634
312,1,2.2114383851913315
312,257,1.7437739817310791
312,4,2.2883258374753113
313,215,3.09574723831824
313,216,2.8152379890372807
313,219,3.084568088853969
313,252,2.47091554432843
313,246,2.5986692133130136
313,247,2.6782431929505313
314,7,3.5092699840524495
316,250,2.2480530064812765
316,216,1.9510542565127382
316,211,2.4685238355333516
316,217,1.9810313922408975
316,245,2.051235386317541
316,3,2.133829573151397
316,248,1.7420365209632611
316,1140,3.0003587583840274
316,1147,3.0003587583840274
317,217,2.7715633133373814
317,798,3.3290316862084657
317,305,2.843748139805563
317,1163,3.0003587583840274
318,216,2.706032510729159
319,206,2.21961669411711
319,255,2.102295202187827
319,244,1.8133546663856024
319,1,1.9840622801580485
319,8,2.3688526426339913
319,6,2.054449417388597
319,248,1.6961689232875743
320,17,3.513416169157849
320,2,3.4526767056433165
320,9,3.5660421426744033
320,1,3.477777481923472
320,1178,3.7769193563435364
322,239,3.0748456744682438
322,244,2.857323412337152
323,2,3.18528195262489
323,1,3.071721178531105
323,866,2.8626466100254135
323,723,2.8246700765094137
323,712,3.216265305605874
323,510,1.8254890667439485
323,432,3.469429487238732
323,31,2.8654284020502176
323,275,3.5895359962351487
323,743,2.047863621902818
323,899,3.09479859413962
324,5,3.679299319957932
324,17,3.576453292664281
324,2,3.7223380641034374
324,236,3.6252594887648386
324,1,3.5194441454103
325,244,3.399008282769777
325,207,3.539208090456326
326,206,3.2519985746411155
326,220,2.932274297822319
326,2,3.266159310955183
326,236,3.2674223808887066
326,13,3.3461350003892707
327,239,3.2339508882653196
328,7,2.7639884430220842
328,2,2.8719225173097023
328,235,2.281538976311034
328,12,2.356720622516249
328,255,2.5215985597423645
328,214,2.427299314292304
328,4,2.7556761343235903
328,8,2.7089556593042876
328,6,2.4860818954377577
328,249,2.3148252717995943
329,1,2.0772828723911525
330,215,3.40941945960106
330,235,2.9679260531228673
330,217,3.160978253793984
330,219,3.3810821046963326
330,6,3.1957236457926452
330,249,3.1038143116437644
332,211,3.3763451173284356
333,7,2.7451935637235247
335,236,3.298244427922836
335,205,3.2076614931501264
335,3,3.246389191974577
335,257,2.892041182659035
335,253,3.07262770018332
338,251,3.401592991805095
339,17,3.67537090983451
340,313,3.0224962028823383
341,245,3.670620078136984
341,84,3.5287239156080075
343,7,3.152453002456615
343,255,2.938588489247096
345,8,3.2769286097195462
345,246,2.804406750494828
346,215,3.655035684633031
346,5,3.611423273720239
346,245,3.3403834097393696
346,246,3.26337397667943
347,2,4.0
347,787,3.442679807579281
347,96,3.0003587583840274
347,21,2.6666666666666665
347,446,3.0003587583840274
347,498,2.916666666666667
348,3,3.01091368824237
349,7,2.8320795670956915
349,235,2.3370004932353514
349,255,2.5788733610350905
349,207,2.5274826377579007
350,205,3.547411694471509
350,1,3.572714765785872
350,4,3.8001771590924096
350,6,3.5828782908806507
353,4,2.5433802794000044
353,207,2.299601522738109
353,8,2.542183861961716
353,253,2.2417613232464007
354,4,3.612854826569563
355,251,2.7805755657611253
355,675,3.153153406172181
355,352,2.3453233867101355
355,256,2.252038746320424
355,432,3.104458247308104
355,1198,2.5418392498246405
355,431,3.095329531678959
355,488,3.22886783443755
355,452,2.3016616597704362
355,428,3.166309778729479
356,212,1.1778367394882108
356,10,1.3556393528764437
356,257,1.0861965668021953
359,12,3.3288472402251887
359,1,3.458401218005889
361,11,3.761045801757369
361,218,3.529940881251195
361,806,3.970199301564233
361,141,3.0003587583840274
362,250,3.586056414743975
362,3,3.393642202742587
362,8,3.53119802332006
362,243,2.8910985163007403
363,215,3.3313155437224666
364,207,3.367072246993634
365,251,3.129221786070202
365,206,3.2049192509315496
365,17,3.1668482504805997
365,235,2.751369583943958
365,9,3.249847115986888
365,217,2.974896941601453
365,13,3.4088709016194705
365,257,2.7948111111437446
365,246,2.960678373595708
367,17,3.2494767792663186
367,205,3.1922582072102945
368,213,2.580862533454068
368,206,2.738844659526026
370,215,3.433767510751528
370,8,3.41162807034629
374,251,2.3959486412313478
374,17,2.5034814422576503
374,12,2.2325958365695717
374,239,2.3719507751219284
374,219,2.5736724939391555
374,254,2.331476401602361
374,207,2.396147007535687
374,6,2.367548880079385
374,253,2.2717973231418216
375,17,1.9768920566807209
375,522,1.5970801047637033
378,218,3.7520892077537047
379,255,3.4333812173275557
379,13,3.868118951792217
380,235,3.1355135358450377
380,236,3.6555768219923572
380,216,3.2634229803969506
380,207,3.186721469193605
381,245,3.0369844087900226
381,219,3.2205465949311045
381,254,2.9876493199791385
381,13,3.3189189799632386
381,84,2.9499760148418375
383,1,3.387762207794169
384,207,2.800821525025787
384,247,2.9130417190711695
385,1,2.150371308637523
386,206,3.4482637817278277
386,236,3.420244327229816
386,255,3.2503792671073564
386,207,3.123132662076775
387,451,3.0003587583840274
388,1,2.1697420455472267
388,233,2.14813351149054
389,5,2.715287642145916
389,12,2.357148930032538
389,205,2.4732153216273067
389,256,2.244070779201396
391,220,3.1044363197435225
391,211,3.359709115469285
391,233,3.1471895265776655
392,241,3.5889338892022433
392,220,3.430461477475573
392,205,3.905289126041574
392,239,3.5039690189057846
392,1220,3.0003587583840274
393,236,3.439610083304077
395,213,2.5009368529324774
395,241,2.346363028098848
395,9,2.6295068921441183
395,254,2.323165778872441
395,1,2.505851291828882
395,257,2.125436870128352
395,4,2.658676212479582
395,233,2.3835552080545215
396,536,3.041335328618495
396,947,3.0003587583840274
397,1,2.939732772233091
397,247,2.8133716554309722
397,837,3.950077148872068
399,5,3.043627360324897
399,207,2.9949447984754283
401,12,3.400178888845829
401,121,3.4745189156501803
401,207,3.446887266745314
401,210,3.317513331152838
402,1237,0.75
402,767,3.0003587583840274
402,1239,3.0003587583840274
402,1248,3.0003587583840274
402,1249,3.0003587583840274
402,1254,3.0003587583840274
403,17,2.7886247694486213
404,241,3.466675262014463
404,5,3.8070948204537403
404,2,3.7398458166060027
404,1,3.56216446618894
405,341,3.0003587583840274
406,7,3.744778180383496
406,220,3.447449753600567
406,236,3.797410760873267
406,255,3.543198846703352
406,233,3.5207119030359006
406,247,3.438104531153854
407,215,3.7660039005005306
407,13,3.8183273147282497
408,12,2.999569628241009
408,211,3.3223640231589417
409,7,2.904244502617103
410,2,3.2822758398590306
410,207,2.9426799175550906
411,213,3.336382744416376
411,9,3.563339823978347
411,217,3.1999236569321523
411,1,3.2311361407849533
411,247,3.185651279649726
412,234,2.570119777968354
412,3,2.7646821583803383
412,212,2.586542697763769
412,8,2.8648177572986544
413,5,3.4684773950948666
413,17,2.9601887381841716
413,1,3.4734109094412804
414,10,2.8278417459825924
416,236,3.1072213979981544
417,243,2.9139897530534555
418,10,3.0568425319588077
418,249,2.9000749223755586
418,256,2.9048241528292826
420,215,2.8595799565731728
420,213,2.6513577640280532
420,206,2.7785291539057093
420,9,2.8105060493108884
420,121,2.5460169920648505
420,11,2.9911034431090817
420,10,2.598644116789032
420,257,2.360138212544197
420,4,2.839647955261482
420,253,2.5176488689792227
421,7,3.1039654896465105
421,207,2.8071192633641253
422,234,3.7635244573823745
423,17,2.105280676829089
424,7,2.8081777768052185
424,236,2.8179425605044828
424,12,2.435550682599488
424,255,2.6160354201678166
424,210,2.427760490872785
425,5,2.584756198121448
425,236,2.3855996357702116
425,3,2.451555251341841
425,11,2.7370345629504893
426,17,2.6015564026498312
426,211,2.694133169462237
427,250,3.0719870269358855
427,206,3.0233991397058784
427,11,3.280613671855773
427,1260,3.0003587583840274
428,235,3.4974219699059015
428,236,3.9786371048777514
428,12,3.650602887024804
428,9,4.0
429,251,3.3673259330473675
429,214,3.209348925341051
429,13,3.575899241133234
430,207,3.3726789936625985
432,211,3.1993769395029696
433,845,3.2460104649734003
433,1265,3.0003587583840274
435,5,3.2444706305819504
436,220,3.038921595288694
437,235,1.9360618926988047
437,212,2.2609526080734677
437,243,1.8511638146086131
439,213,3.3194816882349203
439,211,3.4502521225738256
439,214,3.152879852622966
439,10,3.2349662445898257
439,4,3.4560820378233688
439,207,3.1198601444179044
439,247,3.1882015253601126
441,17,3.3936341140448807
441,234,3.1806528969529886
442,233,3.0072274620524606
444,17,3.3867275603219715
444,207,3.282711889073494
444,246,3.243180823196459
445,17,2.310703237622972
445,207,2.2592706033097723
446,13,3.5561904068476835
447,207,3.2845194117985876
448,1275,3.924031125164726
449,84,2.97801233964779
451,250,2.772757350027504
451,17,2.693112359616229
451,12,2.3819399583800394
451,205,2.5515073345273853
451,13,2.911357685146264
451,233,2.562048530495328
452,213,3.388254092922865
452,241,3.200865297135203
452,9,3.596209996587209
452,1284,3.0003587583840274
453,1,1.0204612128593287
454,239,3.3490370594878325
454,207,3.3331717885092704
455,220,3.4732383106602995
455,10,3.491612237472359
455,6,3.549944479560193
456,235,2.781797267810223
456,448,3.5304627249357328
457,220,2.6174033617065895
457,252,2.503971446126417
457,4,2.974862086703758
457,6,2.738651152995479
459,5,3.173426277655565
459,121,2.9130029662844144
459,252,2.7785949634899603
459,253,2.859744742968838
459,243,2.617320922376921
460,239,2.3905800573130223
460,13,2.729817938602426
460,252,2.2509220595828463
460,248,2.2295599729302764
461,6,2.9670988384714603
462,17,2.8970091429438294
463,215,3.8898455121897704
464,236,3.4707271378428186
464,211,3.5426118960753294
464,1293,3.0003587583840274
465,215,3.2264641172440762
465,213,2.998249735657961
465,7,3.1249885859509257
465,216,2.894992392578623
466,7,3.4696805034318334
466,235,2.9279518825270876
466,211,3.589894710386334
466,11,3.758278340147371
466,252,3.0796983761580403
467,215,3.082474269778781
467,241,2.84549585355895
467,211,3.236562725420118
467,3,3.023731848016948
467,246,2.7428137795882903
467,84,2.831312059063032
468,251,2.5913835139584953
468,2,2.7734684007012693
468,207,2.4409950527779856
469,219,3.4388105065406056
473,5,3.5837854852990194
473,239,3.263098166307885
475,4,3.4968602031254283
477,247,2.2670031294615773
478,356,2.111046959407838
479,728,4.0
479,278,3.694930298255219
479,322,3.0003587583840274
479,1300,3.0003587583840274
481,5,3.8002762616346697
482,7,2.6993449613804565
482,245,2.4821314636413554
482,219,2.7218700920516543
482,254,2.4224533331091784
483,9,2.2786630914780135
483,239,1.8484100873755471
483,212,1.8774294066474781
483,10,1.774490710109639
483,252,1.7249702422993465
483,210,1.6042830539925044
483,15,2.7693006357856493
485,9,3.6448060114448184
485,217,3.3343091943222296
485,244,3.188252625361912
485,243,3.013494658781411
486,7,3.2207282417674445
487,236,3.1288537926825764
487,246,3.0436443858571383
487,253,3.0368986028169616
487,248,2.929783340616695
488,241,2.6053028119756396
488,121,2.695353145701686
488,10,2.6538332102675746
488,702,3.4130031836400043
489,879,2.233199984545235
490,205,3.108922489113172
490,244,2.902344004524555
492,236,3.1009498851760973
492,211,3.099418533459301
492,252,2.6339397111611307
492,257,2.603373221899641
492,8,3.1057944563617728
494,7,3.2733514301998783
494,206,3.260651223885438
494,236,3.227829723260605
494,247,2.9918163065556542
495,121,2.8632483741189576
495,254,2.9229140728883105
495,244,2.786896994810805
495,207,2.8379531743416533
498,207,2.497004132978227
499,17,3.8970091429438294
499,2,4.0
500,121,3.4847064828943957
500,234,3.41302132559915
500,219,3.696375262418207
502,241,2.449617221839369
502,12,2.3825928242378485
502,244,2.389539947096767
502,10,2.4859523129453036
503,416,3.0003587583840274
504,2,3.4360874151958876
505,9,2.7669497757391226
505,13,2.922500419984723
505,1,2.679087190046448
505,8,2.741475638330611
505,256,2.474251306004038
506,215,3.532632267431956
506,3,3.370717036719527
507,251,3.43868393318577
507,10,3.3451054063015673
507,256,3.1856240327599887
508,2,3.0342472894817076
508,239,2.649243869127565
508,8,3.0529851514037905
509,241,2.7166699640828225
509,7,3.2302480045769695
509,212,2.9099238422271965
509,13,3.0206702948407598
509,414,3.3718605908515937
509,938,3.0003587583840274
509,748,3.0003587583840274
509,1323,3.0003587583840274
510,431,3.1048069255119826
510,1328,3.0003587583840274
510,1329,3.0003587583840274
513,2,2.5963190579706885
514,211,3.210494906944953
514,207,3.024221947497234
515,236,3.5077989704713106
515,12,3.2655412197775693
515,13,3.7142608936577033
516,17,3.939799568713328
516,219,4.0
517,215,3.162054183716917
517,17,3.0177153236673844
517,212,2.8643807191219817
517,4,3.174702558244811
517,207,2.8485479166634518
518,250,3.6362218712271526
518,121,3.224611595988625
519,250,3.6271835041357017
520,7,3.6157245986937347
520,216,3.3566415860880654
520,8,3.526435942937989
520,6,3.305876374860496
522,12,2.9660903320552645
523,251,3.018406662733522
523,236,3.0647293395109676
523,255,2.8514670451292563
524,2,3.383291077676794
524,207,2.3953721783326083
526,1,2.3501937980709786
526,4,2.0485328946866295
526,84,1.5328957317578586
527,235,3.495806274988837
528,7,3.4032611698935673
528,3,3.136580926153692
530,17,3.687520563761133
530,2,3.747525852948835
530,235,3.2335391187329643
530,255,3.543806428895249
530,214,3.4462637665037392
530,1,3.5265988633277026
530,246,3.4528269108630067
533,250,3.0649126281005605
533,236,3.06195032481742
533,984,2.975442238173077
533,550,3.153808639292623
533,167,3.3415400078918
533,266,2.1130346335993178
533,383,2.9333333333333336
533,941,1.7378014477158192
534,214,2.9757693976591817
534,245,3.107731483054847
535,17,2.724402602963541
535,205,2.636957246418679
535,10,2.5826815946864725
536,10,2.30086394474921
536,4,2.5819101644574163
537,251,2.373207799387674
537,211,2.6642755493116086
537,239,2.318444534027121
537,244,2.1903737812299866
537,257,2.1210242868341473
537,253,2.287333580555559
538,11,3.596020632333538
538,256,3.072672413771799
539,211,3.607702203403589
539,217,3.29270269010925
539,254,3.3177692881708967
539,10,3.288393452745938
539,256,3.1897445895063616
541,241,2.7775099577556137
541,234,2.8530823896935127
541,11,3.4074360001420305
541,297,3.729161821313109
542,9,3.646568042082291
542,211,3.5662326964088424
544,236,3.797236702969699
544,255,3.6152138137470007
544,234,3.526755232835851
544,10,3.5800008835767594
545,13,3.4571218020947896
546,245,2.9921509269826205
546,1,3.1832610399036905
546,1348,3.0715199169613734
546,592,1.7133801954532129
546,318,3.5091603734543413
546,900,3.32796411265163
547,121,2.731715107352313
547,3,2.8513965920271707
548,7,2.554748614780505
548,211,2.59175676150194
548,210,2.1266052870490992
549,213,2.666823814845446
549,7,2.8171174730159305
549,236,2.7717301403282373
549,217,2.533044847457345
549,252,2.4421757655066525
549,257,2.35544327159668
549,233,2.5944260680467015
550,213,2.9712824679970944
550,220,2.758068288308993
550,235,2.6815385204676807
550,254,2.8991950211629205
550,270,3.058436215438707
550,84,2.7626866466559075
551,7,3.394814682134305
552,13,2.6379837229947265
553,205,3.241393227471052
554,5,3.532875713663132
554,4,3.654590789655895
555,213,3.5084637847175135
555,220,3.3837142770216735
555,2,3.711312101757331
555,3,3.510301491376208
555,219,3.63577489615673
555,8,3.6641016115139924
556,434,4.0
557,17,2.9843586980421573
559,217,2.002076727356335
559,239,1.9839515644346868
559,254,2.0245023710770025
559,249,1.7763971068832363
560,253,2.998999973297117
561,215,3.039065578051333
561,235,2.626518580324678
561,121,2.872250645460871
561,216,2.8284808853583736
561,211,3.089028288500957
561,210,2.7215157255893154
562,205,2.344669141315092
562,781,1.7530502645435089
562,242,1.8859149526045913
564,257,2.814569089580505
566,213,2.7419061583063646
566,220,2.572762329664783
566,2,2.9265531927715642
566,12,2.495262638205271
566,211,2.890189959881977
566,245,2.6999094610236654
566,13,2.956530220872122
566,243,2.2807934975380495
567,12,3.3204903388659655
567,1,3.468963555571788
568,220,2.5260718669431106
568,842,3.458667153292374
568,1281,3.0003587583840274
569,213,3.145802672783861
569,4,3.3520883760610856
569,6,3.158765066911834
570,241,3.080920048386618
570,219,3.3714274566550837
570,10,3.1371175571588856
570,1355,3.0003587583840274
571,255,3.4756114340556823
571,243,3.0507707338034677
572,1027,3.0003587583840274
573,7,3.0289547275573754
575,9,2.8069493865401984
576,11,4.0
576,4,4.0
577,211,3.640807528678735
578,236,3.107021384992126
578,451,3.75
579,13,3.634984659961067
580,220,3.100035364702173
580,255,3.1262507017402172
580,239,3.2338247035990912
580,233,3.1359927604379396
585,213,2.272682929542717
585,2,2.4621508158999172
585,11,2.5179235691882838
585,257,1.965834403231129
586,215,3.439566131501251
586,205,3.1814745791374635
587,215,3.0995229960381407
587,234,2.771473904032359
587,638,3.487329907986382
587,336,3.3070647317236244
588,806,4.0
589,255,3.3529176430697123
589,3,3.486442487923191
589,1183,2.4632248483904653
590,251,2.908260590392002
590,12,2.656070170862103
591,781,3.183562066836651
591,293,3.6862595521738317
591,696,3.9751504585056248
591,287,3.422840585716406
591,307,3.8632938875270635
592,235,2.489142779775975
592,12,2.7145287767603783
593,7,3.3020026534533566
593,211,3.2666379602969378
594,239,3.763533223338503
597,216,3.264999379345222
597,205,3.3606790175212224
597,219,3.5525952703032804
597,4,3.619513065172344
598,17,3.954011912504287
598,235,3.6204268558017505
599,13,3.267236196720384
600,241,3.377321698658619
600,2,3.7576728666889925
601,12,2.8700825623618664
601,205,3.04417715003841
601,11,3.4593261957991293
601,10,2.994308304822982
603,17,3.1215691736754825
604,2,4.0
606,236,2.1173209696942763
606,254,2.0758548926043527
606,253,1.939769075494179
606,248,1.8270023782570348
607,11,3.928259921749782
608,206,3.065782386223708
608,220,2.879221383982339
608,17,3.1768332517425257
608,10,2.8502186248446826
608,4,3.28032051426196
608,247,2.901275784316305
610,246,3.36875580463944
613,5,3.084310299621083
613,2,3.224814746253714
613,9,3.0707802300625464
613,217,2.8634084339682255
613,11,3.3489479614468842
613,253,2.816268402317545
613,84,2.762710564770347
614,252,2.7822551183241777
614,4,3.2419258743793087
615,216,3.022574185271876
616,1,2.9230582029012013
617,250,3.4148750672373227
617,2,3.5024456371929538
618,17,3.4020773892622467
620,235,2.4427688861515353
622,211,3.3151825248607856
622,4,3.2950049387796554
622,246,2.9520663621905725
623,2,3.6998672307025666
625,213,4.0
625,5,4.0
625,7,4.0
625,11,4.0
625,252,3.807001695943411
626,236,3.2617758746639076
626,216,3.2677127407411857
626,219,3.2328977883319654
626,477,3.220588405727984
626,499,2.3945502435611004
626,657,3.7183304234416887
626,284,3.164952472551001
626,523,1.8978015984316476
626,1195,3.2371004619020947
626,582,2.4629233380165685
626,1385,3.0003587583840274
626,1383,2.047313256947972
626,729,4.0
626,1050,3.0003587583840274
628,215,3.0156365748175284
628,251,2.8015595285083124
628,7,3.022683195833076
628,10,2.8315013458804517
628,1,2.9637125173034713
628,253,2.726258949153534
628,550,3.319551372203116
629,245,2.978937431542814
629,219,3.1402965534381715
630,9,3.287158336293386
630,239,3.0011288702778662
630,233,2.997052320529322
630,247,2.8843642446107487
631,215,2.8097928168816075
631,2,2.8074964564268554
631,10,2.5857347058400366
631,248,2.388983806457193
633,5,3.4444188739430626
633,234,3.070831760104309
633,217,3.124106434662238
633,214,3.119401899204055
633,239,3.144335444993435
633,10,3.09445602123479
633,13,3.4820820969156814
634,215,2.1860559975436917
634,17,2.258687689934621
634,207,1.8689066298564099
638,250,3.5431975258184503
638,17,3.320161505708534
638,216,3.367201400255862
638,211,3.5098843418783336
638,10,3.3512741895044034
640,1,2.4170630986980663
640,1402,3.0003587583840274
642,10,3.080789505383974
643,207,3.2008629465344125
644,1,3.170505354311458
645,241,2.8979146433697744
645,496,2.9706308681108324
646,215,3.584974707193509
647,665,3.0003587583840274
648,5,3.4377282921439405
648,233,3.142565167529352
649,4,1.7582535858982131
650,84,2.8241570613566265
652,17,3.457670068912354
654,10,3.185953778156759
656,12,2.585855748550255
656,239,2.69491299435843
657,5,2.890094276384418
657,235,2.354699353811581
657,9,2.917010423073954
657,217,2.5966050562969536
657,1,2.722520402669943
657,252,2.5017059259503593
657,233,2.642421217343214
657,248,2.493079113136512
657,256,2.490456064506014
658,220,3.120663118837775
658,214,3.0915974129380204
659,3,3.1506213788827657
660,250,3.280030540399398
660,7,3.253610165246798
660,17,3.125758398487948
660,211,3.254254853656612
660,6,3.031903978854615
661,250,2.4915636817004656
661,251,2.357749726495184
661,5,2.5771966705525284
661,234,2.2185282212521726
661,248,2.046279903401696
662,236,3.732423268264845
662,216,3.098962751681831
662,4,3.631596261209826
663,235,2.822030050918905
663,205,3.126686834654512
663,219,3.2618237060065884
664,7,3.323771476562731
665,246,3.038710131233669
666,234,2.347356748589586
666,10,2.4860364781462656
666,246,2.4105895273899725
667,220,0.5
667,9,0.756098795364677
667,217,0.5
667,214,0.5
667,254,0.5009984193810078
667,257,0.5
667,253,0.5
667,247,0.5
668,250,3.6087003412517586
668,205,3.342199791847591
669,206,3.149746217392328
669,245,2.977254970992726
669,8,3.242090606803959
669,243,2.5934632963491913
670,1,3.170859464111052
670,659,3.0348568003453473
670,240,3.353653012795818
670,1173,3.949959074187119
670,297,3.8707613130968426
670,1139,3.0003587583840274
670,1156,3.0003587583840274
670,1409,3.0003587583840274
670,1413,3.0003587583840274
670,1421,3.0003587583840274
670,1435,3.0003587583840274
671,5,3.500850848475374
671,220,3.4239886161769255
671,205,3.408824089986992
671,218,3.828308460051988
672,213,3.3718758278184873
672,220,3.261000235802271
672,244,3.147491484353328
672,84,3.235624511871628
672,256,3.206268012971919
673,257,1.9509540804140086
674,216,3.7267075624457786
675,2,3.7634209763900195
675,257,3.2480182161781452
677,255,3.2874569797409365
677,1,3.349044778300221
677,233,3.2645918786922827
677,256,3.131153964622408
678,13,3.4195398876549596
680,235,2.3966195340381975
680,207,2.5938682536794118
681,215,3.3087158408465753
681,12,2.746177636872698
682,4,3.2767946778804182
683,241,3.218225233236174
683,4,3.40918321219724
683,253,3.0819716886943604
683,512,3.6004092879491765
684,4,3.467769439607419
685,234,1.3003460635197972
685,13,1.6819147987636809
686,1,4.0
687,17,3.966539671697761
690,84,3.275536530389115
691,9,3.9055491503405655
693,213,3.200490429482352
693,6,3.2454575552181595
695,236,3.7185510277322322
695,12,3.39239011315603
695,121,3.5110817382611565
695,3,3.5868963218471235
695,11,3.896655527938381
696,2,3.1595267278683825
697,583,3.0003587583840274
697,1446,3.0003587583840274
701,2,3.5098747836116373
702,1459,3.0003587583840274
702,1060,2.1564023521280395
702,1486,3.0003587583840274
702,446,3.0003587583840274
702,1049,3.6302647412755715
702,1050,3.0003587583840274
702,1066,3.0003587583840274
702,1365,3.0003587583840274
702,1461,3.0003587583840274
702,1468,3.0003587583840274
702,1475,3.0003587583840274
702,1489,3.0003587583840274
702,1492,3.0003587583840274
705,214,3.0481388042683895
705,245,3.1638949560733503
705,252,2.980040299935156
705,6,3.110645736276544
706,7,2.8970460722024285
707,235,3.0222903299067467
710,5,3.8226773029978536
710,220,3.5463212419837578
711,9,3.6133327151517056
711,217,3.300273163752465
711,239,3.3275275592197224
711,212,3.291700270046873
712,121,3.0427376118881915
713,7,3.4958400955601268
713,17,3.316564310068839
713,3,3.2891613610342634
714,255,2.808631716077025
714,245,2.7747319422925614
714,11,3.1232101409270046
714,8,3.0152473728603617
714,210,2.5064759858004293
715,2,3.5789897709065017
716,234,2.863482247580865
716,217,2.88290703219144
716,10,2.7820455241584727
716,6,3.001238366262271
716,1123,3.597283349462728
719,251,3.0274534015899297
719,220,2.885291150685032
719,219,3.168438623939348
720,215,3.0003587583840274
722,13,4.0
723,205,3.573366530979614
724,10,3.7095476119519053
725,299,3.5725416720090117
725,595,2.642670342165112
726,250,3.9261800985272792
726,236,3.837791999646562
726,205,3.7151027285696245
727,3,3.4647411380669766
727,257,3.1178369677585787
728,1516,3.0003587583840274
728,1517,3.0003587583840274
729,241,2.305874532834748
729,211,2.564652674162275
729,257,2.0945241152367085
729,4,2.5899144778923455
729,207,2.349190836809243
729,253,2.240874284277854
729,84,2.1896088642645717
730,5,4.0
730,7,4.0
730,214,3.7072168766512665
730,245,3.8214609706215934
730,10,3.772431559103964
730,207,3.745079049574481
730,233,3.7874691296147263
730,246,3.7194672250616185
731,5,3.0076583498314267
731,219,2.8842287213801616
731,13,3.0044886373720847
732,1518,3.0003587583840274
734,245,3.289547669627736
735,3,3.245376326467675
735,13,3.3922600524820425
735,246,3.052914279332733
736,220,2.657930380268359
736,1,3.1122801913974016
737,219,2.4085762728996296
737,4,2.3764153329762925
738,215,3.5534027837986466
738,216,3.21065659916345
739,410,2.988842765193861
740,233,3.5782592916351064
743,2,3.732059053642152
744,5,3.3388161693033083
744,17,3.2469910674691294
744,3,3.051415580329172
745,241,3.1092626158363674
745,12,2.9639785247647565
746,241,3.206081668564046
746,239,3.3035956539313656
746,11,3.738704768917174
746,270,3.6038554532406764
746,249,3.170707168400024
747,5,3.444207474499739
747,7,3.4818913642218057
747,235,2.9660869654304753
747,239,3.204815619806497
747,13,3.5136994495747924
747,233,3.181816978958714
747,249,3.0138728476483245
748,215,3.279561867155289
748,212,3.0928140435726648
749,257,2.5417072747754643
750,213,0.6232163367169248
750,214,0.5
750,10,0.6263751661945656
750,4,0.8502823965352104
750,6,0.6493234658795788
750,210,0.5
750,1237,3.0003587583840274
750,248,0.5
752,11,3.717709696964662
754,5,3.8164518897462827
754,257,3.279427975391961
756,5,2.991417714341291
756,1,2.7656700696336647
756,207,2.6265109291929942
756,233,2.7086044115365056
757,12,3.1167460555338806
757,216,3.1382786209007967
757,13,3.469779695506335
757,247,3.0909935469625673
759,251,2.833999263829913
759,211,3.1320390941432708
759,3,2.8221182434785326
759,233,2.7383714811901676
760,220,2.2109748387867514
760,235,2.130642521116871
760,12,2.2324058706204424
760,245,2.3782424236395343
760,239,2.345259331041259
760,219,2.497912578829512
760,4,2.5834071000457657
760,207,2.3254761395527472
760,253,2.264990838412003
761,215,3.4886233841362753
761,5,3.533139246231
761,17,3.3776726505563177
761,4,3.572008140347761
762,251,3.565774924609799
762,206,3.721591880655282
763,11,3.858515994452341
764,205,3.2044009613519666
764,286,4.0
764,318,3.8560965192802668
764,698,2.418150223245294
764,392,3.6508425890975293
765,11,2.9471757105238408
766,17,3.1433117858604844
768,207,2.4304356426800893
769,10,2.968484432351698
769,583,3.0078932927237
769,247,2.466677620803165
769,1533,3.0003587583840274
769,1523,3.0003587583840274
769,385,1.824702380952381
770,7,3.245025764472624
774,4,3.7920306314547845
774,836,3.703277609366526
776,9,3.2536850130518222
776,207,2.9040244097714445
777,213,3.3148744975704756
777,235,3.073559721984908
777,12,3.3141267406972608
777,217,3.2155463537254265
777,3,3.4007060017337314
777,253,3.1764856762998743
778,11,3.3424380403151877
779,13,3.7200165914235566
780,210,3.0004408532534907
780,84,3.052868520920831
781,250,3.797974042433651
781,206,3.745805279265955
781,236,3.6674859904852037
781,13,3.866378844165737
781,4,3.780487599167042
781,210,3.3925533813886064
781,253,3.4801097898469884
782,206,3.2424252693216253
782,17,3.177139495805232
782,205,3.0414424531598385
783,213,3.147785390682695
783,2,3.2799485877060857
783,1,3.0728313310052515
784,121,2.6128894846917654
784,210,2.5057911279029685
784,256,2.4619269581663854
785,2,3.2248176371563044
786,235,2.922404661822749
786,1,3.297417204218462
788,245,2.8268828535764166
788,11,3.163224284087634
788,244,2.6170629174558555
788,10,2.7883809122089582
788,1,2.847810676698002
788,207,2.7289635665066276
789,2,3.712862973332439
789,207,3.3659514607008534
790,241,2.5183824866314994
790,2,2.8846952535950203
790,216,2.5628537267563183
790,214,2.5566000871489307
790,245,2.6897895180424394
790,212,2.564334651240616
790,252,2.428378981132952
793,220,3.608386197922844
793,12,3.5566376716173633
793,121,3.6880944717505493
793,4,3.902599147222667
794,219,3.6671854512316377
794,11,3.931798662762078
794,10,3.441684419520788
795,220,2.9876948863480193
795,219,3.2671273410148784
795,6,3.059907306870106
796,7,3.4786025019722753
797,215,2.7955334123333406
797,250,2.7676547461978216
797,12,2.432160491153488
797,10,2.4859324695022043
797,243,2.192495037055285
800,251,2.741018444856391
800,216,2.6115785912924547
800,211,2.9540214552607997
800,217,2.6096110837380353
800,245,2.7242761075305215
800,212,2.585543473096947
800,1,2.6304477775940063
800,252,2.5354198910411694
805,215,3.272261350348658
805,9,3.2412819648989286
807,215,3.2228058638263164
807,17,3.1458041149252276
810,12,2.9343521027902484
812,17,2.9633649087503167
812,12,2.8760179248215754
812,217,2.6094661542695867
812,1513,4.0
812,366,3.0003587583840274
812,662,3.0003587583840274
812,663,3.369070971165812
812,808,3.5078777617172965
814,241,2.993472890036726
814,206,3.2427618798721802
814,255,3.1183783925577457
814,205,3.0560349404260596
814,3,3.1702233706774376
814,4,3.3554667460394785
814,246,2.9945956900251987
815,213,1.268163380145325
815,1,1.275456540141641
815,257,1.00242928822687
815,1166,3.0003587583840274
815,1168,3.0003587583840274
817,241,3.475637426573183
817,234,3.3976668935017873
817,252,3.3335301160748174
817,243,3.11019234155507
818,2,3.433075031356546
818,12,3.0518512842343237
818,217,3.090954236725576
818,84,3.0452591062437233
818,248,2.937926813391566
818,243,2.808520852756718
819,5,3.744529558070268
819,9,3.71537681977418
821,235,3.5799452454816993
821,3,3.917106121814716
821,8,4.0
825,432,3.73909320159453
826,5,4.0
826,236,3.8619070017511783
826,210,3.6537637625135795
826,253,3.7145279543800473
826,256,3.6400915203310698
827,861,3.0003587583840274
828,239,3.134546620498755
828,218,3.6006771972075193
829,8,3.157763202931536
830,241,3.1612937822478187
830,3,3.3593431619316
830,207,2.7528183485310325
830,55,3.0003587583840274
830,300,3.0003587583840274
830,130,3.0003587583840274
830,136,3.0003587583840274
830,661,3.0003587583840274
831,383,3.227652919280466
831,377,3.8972380651445118
831,1574,3.460913949681327
831,1579,3.0003587583840274
836,7,3.4218673114109293
836,234,3.12545823558801
836,211,3.548031625133446
836,219,3.430084043402348
836,1588,3.0003587583840274
836,1586,3.0003587583840274
837,251,2.863662516578774
838,2,2.492018024231574
838,211,2.4382971850988415
838,239,2.222745165112795
838,1,2.31689004732619
838,257,1.9846674590543794
838,968,3.049457552944057
839,236,3.2177481466397806
839,255,2.5752726987666428
839,226,3.0003587583840274
839,231,3.0003587583840274
839,232,3.0003587583840274
840,121,3.695178664060188
840,255,3.6961295979593687
842,9,3.137146282974279
842,244,2.628214900368413
842,252,2.6684593186079293
842,781,3.0884518109988317
842,675,3.289952733774276
842,240,2.60861456040759
843,215,2.2985047569115595
843,234,1.9435164902176618
844,7,3.593790793132383
845,251,3.3999906925261807
845,216,3.3061589017322173
845,234,3.3169006462083503
845,205,3.3321789809565927
845,239,3.393435339054072
845,585,2.87003752090139
845,406,3.3930951758184995
845,616,4.0
845,1603,3.0003587583840274
845,1614,3.0003587583840274
845,1610,3.0003587583840274
845,1072,3.6646679638512056
846,241,2.5992012178983255
846,11,2.7544679376530383
847,235,2.652958012718625
847,12,2.779847131719841
847,257,2.46275310302113
847,4,2.8614778261039513
847,1221,2.2662799636129787
847,1195,3.099085485470388
847,348,3.2785843834276975
847,1059,2.5447067787561934
847,662,3.0003587583840274
847,999,1.920038795173917
847,1624,3.0003587583840274
848,318,3.6561500522209713
848,656,4.0
849,7,2.874786565941853
849,3,2.96474257158095
851,239,3.0242208846868013
851,13,3.4239970870164775
851,246,3.0238099605053748
851,253,3.0326778831127243
851,248,2.864875518740787
852,5,2.909664674001389
852,2,3.056252521361672
852,214,2.5630912717291032
852,239,2.7106450912612305
852,11,3.142009534830743
852,256,2.5659080973676227
852,247,2.649104233546679
854,213,3.478973459682669
854,243,2.9990186438284008
859,12,3.1039171784588895
859,8,3.5477173375994155
859,233,3.467411572563884
860,205,2.93281698949464
861,1637,3.0003587583840274
862,17,3.74355809290699
862,2,3.795068123872734
863,17,2.563007580900934
863,12,2.199044681292177
863,219,2.573104219474124
864,5,3.045140986041563
864,2,2.9899822714011814
864,255,2.7748887132464697
864,244,2.5863106326838903
864,13,2.9618825337114605
864,233,2.774353073129753
864,256,2.5706030391503734
864,243,2.4037288370203225
865,250,3.2854972231946986
865,234,2.9538992951464778
865,11,3.461214921441762
865,8,3.25982269759812
866,2,2.833271406927357
867,5,2.8190604281375253
867,17,2.5676108112323854
867,245,2.553743722809642
867,244,2.3242281154355497
868,8,3.4373529406692933
869,2,3.3771156187301856
870,17,3.1496896709477045
871,216,1.9750151728165326
871,254,2.057374136675469
871,233,2.117461787831854
872,207,2.740972391003449
873,241,2.7764416354191135
873,2,2.8686488404207484
873,3,3.1189563183847815
873,383,3.0003587583840274
874,215,3.6731176187376153
874,211,3.6915721992152037
874,214,3.3144226442003686
874,254,3.382174797736198
874,10,3.348781519633445
874,4,3.656509385263927
874,207,3.3022252569216692
874,247,3.3575018817828735
875,11,3.193423396070333
878,234,2.9116483170671126
878,11,3.366134084419287
878,253,2.930967294170683
878,256,2.932554910178562
879,251,0.9775397134156356
879,7,1.165553841267339
879,2,1.1745342070370746
879,211,1.046521372066028
879,219,1.076917117269169
879,1,1.1333032552521343
879,233,0.819181720734099
882,9,2.24004167983539
883,234,3.3917717750950525
883,11,3.800405579890884
883,8,3.7196098468886323
887,215,3.82195217186823
890,17,3.296384616705031
890,2,3.637335313942585
890,212,3.2951680087076083
891,5,3.1194058699595284
891,207,2.706497580236134
891,269,2.6716772151898733
891,1084,3.0003587583840274
891,1094,3.0003587583840274
892,361,3.0003587583840274
892,1136,3.0003587583840274
893,377,3.7503407557354924
894,7,3.346658801401194
894,698,2.4073629388689533
896,7,4.0
896,254,3.9829833257291725
896,13,4.0
896,246,3.9166968195553378
898,397,3.37701929861184
898,26,3.411317184114039
898,1199,3.0003587583840274
898,1202,3.0003587583840274
898,1292,3.0003587583840274
899,239,3.2950247899277425
902,1542,3.6049080591254166
905,206,3.441698436651141
905,2,3.5404802620509
905,244,3.0232519327834924
906,11,3.7741314973609397
907,251,2.5454502228061884
907,5,2.717561199377547
907,220,2.4170462315488304
907,2,2.6772587245135617
907,236,2.6175024400397957
908,121,2.5616759297923846
908,255,2.5327451078948884
908,217,2.556906451195062
908,249,2.332112907764131
909,241,3.162862833278901
909,211,3.4560014506483636
909,244,2.9685508864739525
909,207,3.1447178038060755
909,8,3.4587970118130715
910,215,3.0287157439589465
910,3,2.9055914289066274
910,1,2.8442375541063813
911,215,3.2286504021216755
911,205,2.7238083280196164
911,253,2.4868314094311983
912,213,2.224477045582475
913,10,3.123201598468868
914,5,3.551033803659287
914,7,3.4686934680374373
914,239,3.278325317394235
914,3,3.3417165416977626
914,6,3.317279229356869
915,234,3.0801582623417594
916,1445,3.0003587583840274
917,216,2.8117638470415143
917,248,2.5656610380369553
917,467,2.3841314858840836
918,696,3.878757880443016
919,245,1.5085588622200705
919,249,1.336876346061799
920,205,2.501232861428688
920,1,2.554966095756368
920,246,2.4356585724131214
921,3,2.697774578340729
921,10,2.5857390760085077
921,252,2.389121865543359
921,1224,1.8334757740504257
921,1231,3.583475774050426
921,1223,2.8461636977529396
926,215,3.5638636835941844
926,13,3.621420220597392
927,236,2.98118776054171
928,250,3.304815929871569
928,9,3.3881668895401633
928,1,3.0504630226795117
929,7,1.1065647639810163
929,233,0.8565119531963115
931,12,3.0196454644906265
933,2,3.4634955741788427
933,1,3.171880460171903
935,7,3.7196432910032735
935,4,3.734819405429248
935,210,3.3497063684402737
936,212,2.8605482430468254
938,12,2.8090576552286355
938,207,2.829482010726576
938,1240,3.0003587583840274
938,1242,3.0003587583840274
938,1244,3.0003587583840274
938,1246,3.0003587583840274
939,1661,2.904477952738606
940,236,3.8422556081237493
942,217,3.259127843497268
942,6,3.3906239137948724
944,213,3.6220042289115395
944,241,3.5971715052997237
944,211,3.758773732287146
944,3,3.6724035897195986
945,207,2.943979628028407
945,233,3.0837832942549057
946,2,2.897925046121536
946,217,2.525553805085737
946,212,2.4745862246997
947,213,3.026754314899162
947,234,2.929763522722267
947,252,2.766971251904323
947,257,2.761626056476032
947,207,2.895884328500353
947,253,2.9093257240432404
947,342,3.8141641721552197
947,1118,4.0
948,5,3.30040290410611
948,7,3.2473030694205542
948,236,3.210318150577958
948,1,3.1148229606828757
949,12,2.368587106889751
949,212,2.3881383447408675
949,11,2.906051322697124
949,4,2.720571510026364
949,247,2.4183102027711736
950,12,3.28535361181774
950,9,3.7807145140859375
950,216,3.35857789036729
950,10,3.3449914603295117
950,13,3.7754239637355522
951,236,3.557305684531899
951,12,3.26774126073306
951,11,3.8503685114466375
952,236,3.166332137252619
953,7,2.1097809442915003
953,8,2.554301152403974
958,7,2.2381963660557522
958,2,2.3552653555739207
958,236,2.3455587719061737
958,245,2.1256916050404158
958,239,2.044979552863321
958,10,2.0106182586522583
958,207,2.0003122384678176
960,1431,3.0003587583840274
962,7,2.6958416029943515
962,207,2.327664050665965
963,769,3.181766149455564
963,1675,3.0003587583840274
963,355,3.0003587583840274
965,213,2.932903740036778
965,212,3.033309574763383
965,257,2.8440992415067767
965,246,2.7970411924506573
965,218,3.5797499467610026
965,397,3.233006405093303
965,694,1.6130602478413851
967,2,4.0
969,590,2.880097261917196
969,705,3.002265317589871
969,393,3.0003587583840274
969,304,2.978764361693056
969,947,3.0003587583840274
969,167,3.6101190476190474
969,274,2.427749013121535
969,798,3.5
969,1702,3.0003587583840274
969,268,2.7716145635697913
969,295,3.0003587583840274
969,370,3.0003587583840274
969,429,2.6
969,861,3.0003587583840274
969,1685,3.0003587583840274
969,1693,3.0003587583840274
969,1708,3.0003587583840274
969,1716,3.0003587583840274
969,1722,3.0003587583840274
969,1727,3.0003587583840274
969,1742,3.0003587583840274
969,1745,3.0003587583840274
969,1753,3.0003587583840274
969,1761,3.0003587583840274
969,1763,3.0003587583840274
971,213,2.645442771649913
971,17,2.7079611535379637
971,11,3.00472758780008
971,207,2.543962477789787
971,249,2.43962733763665
972,215,3.293961572171642
972,236,3.2428800877892576
972,9,3.279186345198561
972,256,2.751626076096881
973,7,3.3391831253236215
973,17,3.4293413355162867
973,236,3.526519103841971
977,207,2.509473822618231
978,509,4.0
979,206,3.4398510546408367
979,1,3.2592327378227655
980,7,3.2781095474102857
980,11,3.537486314932057
981,7,3.023147549951431
981,212,2.7181298661877364
981,11,3.2094527617985253
982,216,2.6863578670690296
982,205,2.7816882752721614
982,11,3.191045597211242
984,121,2.7529112737209265
984,212,2.7224865480285367
984,84,2.635643856812325
987,7,2.8938314363195143
987,234,2.59041424216439
987,248,2.4596854464558384
987,256,2.5199939822941246
987,243,2.3238134416007736
988,216,2.0756509312437252
988,211,2.3890847374687922
988,205,2.157607586290417
988,233,2.119744788484917
988,6,2.145936489856301
988,247,2.0459274543123946
989,4,3.2084797208329467
989,565,3.6329764453961455
989,1368,3.3781147980506887
990,239,3.7033337765104477
991,236,3.3560364092262085
991,214,3.0584596298613262
993,13,3.914549648450742
995,220,2.843464670368865
995,11,3.319124009733293
995,253,2.824850430913143
996,1,3.9416336996264185
998,207,2.4746345484181123
998,167,3.9899507612798164
998,1770,3.0003587583840274
999,219,2.7211374590913873
999,10,2.1831476077709153
1000,5,2.27158631766798
1000,206,2.1536965729400994
1000,12,1.861495637436152
1000,245,1.9354935305883276
1000,252,1.8963538077842266
1001,251,2.5129002416730457
1001,2,2.636451906525225
1001,236,2.5776812026010374
1001,13,2.7372156924974664
1001,257,2.198941280968636
1001,207,2.3624631681657022
1001,8,2.6370769149139117
1002,205,1.8394659049344604
1002,219,1.5932460524014842
1002,589,2.7035030108830416
1002,1754,3.0003587583840274
1003,220,2.2098979712336577
1003,9,2.548181336328486
1003,234,2.2113988196618193
1003,214,2.202971619469615
1003,239,2.3287425809620985
1003,219,2.4980405293915706
1003,11,2.7493312802394967
1003,252,2.1711757527062474
1003,8,2.532618830417703
1003,6,2.3352924852041648
1003,253,2.2618588375485427
1004,10,2.9389668882173163
1004,253,3.011820673362879
1004,243,2.6927105575507655
1006,206,3.1633545479545306
1006,12,2.8098519863513163
1006,234,2.8485308021148277
1006,245,2.9275287497617826
1006,13,3.2587673935992885
1006,253,2.855585069036071
1006,84,2.826314177985894
1007,219,2.890107141752527
1008,2,3.8357415271680253
1008,234,3.483880042343148
1008,4,3.737414247435663
1010,215,3.519349242011807
1010,205,3.280803750237186
1010,257,2.983167834246382
1012,213,3.7365785172398285
1013,3,3.2648734262062358
1014,215,3.4151856259019637
1014,213,2.7388352793642996
1014,11,3.4172288739942185
1017,572,1.169230769230769
1018,2,3.623206264782484
1018,278,2.6487316085618766
1018,845,2.926100441415705
1018,1802,3.0003587583840274
1019,8,2.7501296235782053
1019,611,2.7903422982885084
1019,1073,3.0003587583840274
1019,1085,3.0003587583840274
1019,1089,3.0003587583840274
1021,13,2.062014283497369
1022,254,3.490148747620194
1024,206,2.9084718242411247
1024,121,2.6292814203913597
1024,10,2.72648345842181
1025,11,4.0
1029,586,3.0003587583840274
1030,11,3.097492724325669
1030,207,3.0923486471836905
1033,533,0.5007668711656441
1034,2,3.367336188712284
1034,903,3.0003587583840274
1034,620,3.555469067708771
1034,42,2.0934372787152458
1034,863,3.0003587583840274
1034,1103,3.0003587583840274
1034,1119,3.227428203558791
1034,1415,3.9607322676120646
1034,1812,3.0003587583840274
1034,1825,3.0003587583840274
1034,1827,3.0003587583840274
1036,12,3.086543433331974
1038,241,2.7057244731276286
1038,7,2.8754774223107535
1038,211,2.9836458356885847
1038,217,2.659648790561111
1038,205,2.7692902430446007
1038,252,2.5644328477569713
1038,246,2.6092327085539053
1038,84,2.59578137777334
1039,2,2.9739804115223856
1039,87,3.0003587583840274
1039,1831,3.67814371257485
1039,563,3.471478845993274
1039,1257,4.0
1039,267,2.8302499167682127
1039,534,3.7556110342922033
1039,167,3.7809541872217176
1039,900,3.0273577788483945
1039,1038,3.7223018305702382
1039,839,4.0
1039,112,3.0003587583840274
1039,135,3.0003587583840274
1039,259,3.0003587583840274
1039,1100,2.92814371257485
1039,1491,3.0003587583840274
1040,207,3.0505922591798775
1041,270,3.6435608810494053
1041,706,4.0
1041,606,3.670056741588629
1044,7,3.0003587583840274
1046,5,3.3281601674657906
1046,212,2.983790882246878
1046,13,3.30967710243293
1046,210,2.8156357342394256
1047,17,3.2685663319555625
1047,211,3.403627821372697
1047,3,3.2093810039168176
1048,245,2.50134280282094
1048,207,2.5491430700065165
