2386,5,6.918735113171549
755,2,8.534152738277342
2739,2,8.534152738277342
16118,5,6.918735113171549
19483,41,6.969426911642254
6669,22,6.4892268533324
6023,10,6.732333063003282
7691,22,6.4892268533324
17036,50,7.449886753616799
12931,27,6.4892268533324
12931,34,6.531553759341571
2044,22,6.4892268533324
12235,22,6.4892268533324
12235,27,6.4892268533324
19093,50,7.449886753616799
11794,22,6.4892268533324
2740,42,7.330095434892263
5950,22,6.4892268533324
10313,22,6.4892268533324
7531,50,7.449886753616799
2972,22,6.4892268533324
9657,22,6.4892268533324
15462,22,6.4892268533324
9928,34,6.531553759341571
15976,50,7.449886753616799
9069,22,6.4892268533324
19614,22,6.4892268533324
8418,15,6.4892268533324
11656,50,7.449886753616799
7827,50,7.449886753616799
18593,4,6.607080960766188
5777,50,7.449886753616799
4,50,7.449886753616799
12914,35,6.532345760822731
14195,50,7.449886753616799
18644,27,6.4892268533324
15102,22,6.4892268533324
8256,50,7.449886753616799
10257,22,6.4892268533324
1230,27,6.4892268533324
19847,50,7.449886753616799
19147,50,7.449886753616799
15489,50,7.449886753616799
7651,50,7.449886753616799
1892,50,7.449886753616799
19079,50,7.449886753616799
5108,45,7.093036216128728
15660,48,7.417750242526975
3910,50,7.449886753616799
12627,22,6.4892268533324
17995,35,6.532345760822731
7861,48,7.417750242526975
840,50,7.449886753616799
19348,22,6.4892268533324
17277,50,7.449886753616799
16648,22,6.4892268533324
10958,22,6.4892268533324
5742,50,7.449886753616799
2536,15,6.4892268533324
15104,50,7.449886753616799
13635,35,6.532345760822731
10020,50,7.449886753616799
11139,22,6.4892268533324
11139,50,7.449886753616799
13338,35,6.532345760822731
14436,22,6.4892268533324
12941,35,6.532345760822731
8587,27,6.4892268533324
11703,50,7.449886753616799
19340,22,6.4892268533324
15172,50,7.449886753616799
1270,50,7.449886753616799
11113,35,6.532345760822731
4476,50,7.449886753616799
1265,22,6.4892268533324
6155,35,6.532345760822731
6155,9,7.063490129476194
12553,35,6.532345760822731
10202,50,7.449886753616799
10022,50,7.449886753616799
11874,50,7.449886753616799
653,22,6.4892268533324
12468,50,7.449886753616799
16659,22,6.4892268533324
5137,10,6.732333063003282
18063,34,6.531553759341571
11749,50,7.449886753616799
13459,35,6.532345760822731
12732,50,7.449886753616799
3832,50,7.449886753616799
19818,35,6.532345760822731
19672,35,6.532345760822731
12493,35,6.532345760822731
10358,35,6.532345760822731
13030,35,6.532345760822731
10021,50,7.449886753616799
19133,50,7.449886753616799
11392,27,6.4892268533324
5205,50,7.449886753616799
11251,22,6.4892268533324
5834,35,6.532345760822731
18035,27,6.4892268533324
7254,22,6.4892268533324
19310,10,6.732333063003282
13355,35,6.532345760822731
19369,27,6.4892268533324
18560,50,7.449886753616799
16141,22,6.4892268533324
16141,27,6.4892268533324
3288,50,7.449886753616799
14258,22,6.4892268533324
6276,50,7.449886753616799
6395,27,6.4892268533324
19121,35,6.532345760822731
6681,50,7.449886753616799
1267,35,6.532345760822731
19052,50,7.449886753616799
9674,50,7.449886753616799
5381,35,6.532345760822731
6416,35,6.532345760822731
13213,35,6.532345760822731
13492,35,6.532345760822731
2494,27,6.4892268533324
13234,35,6.532345760822731
17260,35,6.532345760822731
12289,27,6.4892268533324
4594,15,6.4892268533324
3199,4,6.607080960766188
6006,35,6.532345760822731
1140,50,7.449886753616799
7618,50,7.449886753616799
4038,35,6.532345760822731
5876,50,7.449886753616799
7726,50,7.449886753616799
8973,15,6.4892268533324
6489,35,6.532345760822731
7984,35,6.532345760822731
551,35,6.532345760822731
10506,4,6.607080960766188
8003,35,6.532345760822731
2974,4,6.607080960766188
18393,35,6.532345760822731
12744,4,6.607080960766188
4068,22,6.4892268533324
7960,35,6.532345760822731
17423,4,6.607080960766188
12434,35,6.532345760822731
4992,27,6.4892268533324
6892,35,6.532345760822731
1979,4,6.607080960766188
3179,4,6.607080960766188
13186,35,6.532345760822731
11894,50,7.449886753616799
9585,35,6.532345760822731
8354,35,6.532345760822731
481,35,6.532345760822731
10824,35,6.532345760822731
15067,34,6.531553759341571
3963,35,6.532345760822731
11188,35,6.532345760822731
13161,35,6.532345760822731
6126,35,6.532345760822731
807,35,6.532345760822731
19523,50,7.449886753616799
16497,35,6.532345760822731
310,35,6.532345760822731
14139,50,7.449886753616799
14621,50,7.449886753616799
6028,35,6.532345760822731
16653,35,6.532345760822731
7005,50,7.449886753616799
1758,35,6.532345760822731
408,35,6.532345760822731
5211,4,6.607080960766188
7662,35,6.532345760822731
6069,35,6.532345760822731
10400,35,6.532345760822731
1422,4,6.607080960766188
5813,35,6.532345760822731
1432,4,6.607080960766188
4901,35,6.532345760822731
4894,35,6.532345760822731
5098,15,6.4892268533324
19059,50,7.449886753616799
12422,22,6.4892268533324
10502,35,6.532345760822731
2223,35,6.532345760822731
14487,35,6.532345760822731
14013,50,7.449886753616799
4365,35,6.532345760822731
16606,35,6.532345760822731
14497,35,6.532345760822731
19152,35,6.532345760822731
11112,35,6.532345760822731
12880,35,6.532345760822731
6580,35,6.532345760822731
5744,35,6.532345760822731
7733,35,6.532345760822731
8044,35,6.532345760822731
5621,50,7.449886753616799
5781,35,6.532345760822731
10092,35,6.532345760822731
1026,50,7.449886753616799
11564,35,6.532345760822731
19531,35,6.532345760822731
19229,35,6.532345760822731
17990,35,6.532345760822731
5761,35,6.532345760822731
10701,35,6.532345760822731
13059,35,6.532345760822731
11571,35,6.532345760822731
3150,4,6.607080960766188
13200,35,6.532345760822731
12866,35,6.532345760822731
13370,35,6.532345760822731
18773,35,6.532345760822731
3029,22,6.4892268533324
12748,35,6.532345760822731
10099,35,6.532345760822731
17116,35,6.532345760822731
18709,35,6.532345760822731
13869,35,6.532345760822731
8817,35,6.532345760822731
10107,35,6.532345760822731
12864,35,6.532345760822731
5590,35,6.532345760822731
13281,35,6.532345760822731
16796,15,6.4892268533324
10529,35,6.532345760822731
4228,10,6.732333063003282
13140,35,6.532345760822731
6402,35,6.532345760822731
17454,35,6.532345760822731
17207,35,6.532345760822731
9287,35,6.532345760822731
7290,35,6.532345760822731
13218,35,6.532345760822731
366,35,6.532345760822731
15949,35,6.532345760822731
11581,35,6.532345760822731
12171,35,6.532345760822731
15697,35,6.532345760822731
17566,4,6.607080960766188
15578,35,6.532345760822731
15509,35,6.532345760822731
10785,35,6.532345760822731
5149,35,6.532345760822731
14090,35,6.532345760822731
19899,35,6.532345760822731
2377,35,6.532345760822731
6066,35,6.532345760822731
5849,35,6.532345760822731
18750,35,6.532345760822731
9091,35,6.532345760822731
13882,35,6.532345760822731
5681,50,7.449886753616799
17494,35,6.532345760822731
9137,35,6.532345760822731
17903,35,6.532345760822731
6680,4,6.607080960766188
4812,35,6.532345760822731
5936,35,6.532345760822731
3799,35,6.532345760822731
16296,35,6.532345760822731
14652,35,6.532345760822731
8099,35,6.532345760822731
8884,35,6.532345760822731
5305,35,6.532345760822731
2043,22,6.4892268533324
16300,35,6.532345760822731
11831,35,6.532345760822731
6814,35,6.532345760822731
5278,35,6.532345760822731
11532,35,6.532345760822731
16313,35,6.532345760822731
13123,35,6.532345760822731
4648,35,6.532345760822731
14965,35,6.532345760822731
11314,35,6.532345760822731
9020,35,6.532345760822731
10855,35,6.532345760822731
7888,50,7.449886753616799
7031,35,6.532345760822731
11145,35,6.532345760822731
13319,4,6.607080960766188
19534,50,7.449886753616799
4210,35,6.532345760822731
13139,35,6.532345760822731
4843,35,6.532345760822731
9381,35,6.532345760822731
13333,35,6.532345760822731
11801,4,6.607080960766188
11832,4,6.607080960766188
17875,4,6.607080960766188
2600,35,6.532345760822731
13086,35,6.532345760822731
7079,35,6.532345760822731
13307,35,6.532345760822731
7525,50,7.449886753616799
13063,35,6.532345760822731
10800,35,6.532345760822731
5101,50,7.449886753616799
6304,4,6.607080960766188
6107,35,6.532345760822731
14635,35,6.532345760822731
14422,50,7.449886753616799
17123,4,6.607080960766188
15752,35,6.532345760822731
17708,4,6.607080960766188
8597,35,6.532345760822731
4176,35,6.532345760822731
4064,50,7.449886753616799
19673,35,6.532345760822731
17987,35,6.532345760822731
1841,35,6.532345760822731
12204,50,7.449886753616799
19057,50,7.449886753616799
5179,35,6.532345760822731
11294,50,7.449886753616799
11588,35,6.532345760822731
1809,35,6.532345760822731
12582,35,6.532345760822731
7749,50,7.449886753616799
14598,50,7.449886753616799
9055,35,6.532345760822731
3871,35,6.532345760822731
2555,4,6.607080960766188
5414,4,6.607080960766188
958,4,6.607080960766188
9220,22,6.4892268533324
11116,35,6.532345760822731
5320,4,6.607080960766188
14927,35,6.532345760822731
17243,50,7.449886753616799
6399,35,6.532345760822731
17263,35,6.532345760822731
2276,35,6.532345760822731
6698,35,6.532345760822731
8636,35,6.532345760822731
13082,35,6.532345760822731
5888,35,6.532345760822731
14412,27,6.4892268533324
3924,50,7.449886753616799
8063,35,6.532345760822731
11556,4,6.607080960766188
5169,4,6.607080960766188
1203,35,6.532345760822731
871,35,6.532345760822731
819,35,6.532345760822731
9877,35,6.532345760822731
17185,35,6.532345760822731
10542,34,6.531553759341571
12346,35,6.532345760822731
2438,35,6.532345760822731
18241,35,6.532345760822731
2324,35,6.532345760822731
1904,35,6.532345760822731
16017,35,6.532345760822731
18333,35,6.532345760822731
14912,35,6.532345760822731
11117,35,6.532345760822731
6920,35,6.532345760822731
19607,35,6.532345760822731
6557,35,6.532345760822731
18696,35,6.532345760822731
2535,35,6.532345760822731
367,35,6.532345760822731
6045,35,6.532345760822731
6461,35,6.532345760822731
15987,35,6.532345760822731
10658,35,6.532345760822731
9570,35,6.532345760822731
6403,50,7.449886753616799
12115,35,6.532345760822731
9884,35,6.532345760822731
9130,50,7.449886753616799
13747,4,6.607080960766188
8735,27,6.4892268533324
11313,22,6.4892268533324
12053,4,6.607080960766188
11714,35,6.532345760822731
13616,36,7.093036216128728
558,35,6.532345760822731
9627,35,6.532345760822731
18753,35,6.532345760822731
9955,35,6.532345760822731
6361,22,6.4892268533324
16244,35,6.532345760822731
8856,35,6.532345760822731
11549,4,6.607080960766188
6097,35,6.532345760822731
18481,35,6.532345760822731
1648,50,7.449886753616799
14689,50,7.449886753616799
2726,35,6.532345760822731
19329,35,6.532345760822731
11618,35,6.532345760822731
9016,35,6.532345760822731
15273,35,6.532345760822731
15276,35,6.532345760822731
429,4,6.607080960766188
422,4,6.607080960766188
11316,35,6.532345760822731
14892,35,6.532345760822731
16782,35,6.532345760822731
15039,35,6.532345760822731
11317,35,6.532345760822731
412,4,6.607080960766188
538,35,6.532345760822731
2496,35,6.532345760822731
19166,50,7.449886753616799
17538,50,7.449886753616799
15191,35,6.532345760822731
11040,35,6.532345760822731
3779,35,6.532345760822731
10354,50,7.449886753616799
10354,27,6.4892268533324
10151,35,6.532345760822731
14744,35,6.532345760822731
14592,35,6.532345760822731
16081,35,6.532345760822731
5304,35,6.532345760822731
15245,35,6.532345760822731
1211,35,6.532345760822731
3247,35,6.532345760822731
8211,35,6.532345760822731
13270,35,6.532345760822731
14820,35,6.532345760822731
16565,35,6.532345760822731
8875,35,6.532345760822731
14801,35,6.532345760822731
6490,35,6.532345760822731
6810,35,6.532345760822731
7274,35,6.532345760822731
16288,15,6.4892268533324
18476,35,6.532345760822731
1629,35,6.532345760822731
4041,4,6.607080960766188
11068,22,6.4892268533324
11082,35,6.532345760822731
6320,35,6.532345760822731
13881,50,7.449886753616799
13687,35,6.532345760822731
6743,35,6.532345760822731
13473,35,6.532345760822731
1835,50,7.449886753616799
13365,35,6.532345760822731
12351,35,6.532345760822731
16906,35,6.532345760822731
4509,35,6.532345760822731
1928,35,6.532345760822731
11743,50,7.449886753616799
2772,35,6.532345760822731
12116,35,6.532345760822731
11432,50,7.449886753616799
11528,35,6.532345760822731
11215,35,6.532345760822731
16112,35,6.532345760822731
4572,50,7.449886753616799
7136,35,6.532345760822731
9706,35,6.532345760822731
17041,35,6.532345760822731
10741,35,6.532345760822731
3694,35,6.532345760822731
8037,50,7.449886753616799
18249,50,7.449886753616799
12859,35,6.532345760822731
542,50,7.449886753616799
18613,35,6.532345760822731
8210,35,6.532345760822731
2530,4,6.607080960766188
19142,35,6.532345760822731
13087,35,6.532345760822731
10592,50,7.449886753616799
19605,35,6.532345760822731
19486,35,6.532345760822731
7641,35,6.532345760822731
13359,35,6.532345760822731
9714,35,6.532345760822731
16207,35,6.532345760822731
16660,35,6.532345760822731
11268,50,7.449886753616799
1737,35,6.532345760822731
1834,50,7.449886753616799
5814,35,6.532345760822731
19732,35,6.532345760822731
13246,35,6.532345760822731
31,35,6.532345760822731
19435,35,6.532345760822731
2404,35,6.532345760822731
13678,35,6.532345760822731
16691,35,6.532345760822731
7088,35,6.532345760822731
12029,35,6.532345760822731
18258,50,7.449886753616799
1449,35,6.532345760822731
9587,35,6.532345760822731
12182,35,6.532345760822731
10002,35,6.532345760822731
14613,35,6.532345760822731
12264,50,7.449886753616799
440,50,7.449886753616799
5157,35,6.532345760822731
231,4,6.607080960766188
8730,35,6.532345760822731
14806,35,6.532345760822731
19039,50,7.449886753616799
18395,50,7.449886753616799
18296,50,7.449886753616799
9702,50,7.449886753616799
1390,50,7.449886753616799
18254,50,7.449886753616799
6362,35,6.532345760822731
11255,35,6.532345760822731
14521,10,6.732333063003282
19377,50,7.449886753616799
16140,50,7.449886753616799
2005,35,6.532345760822731
5827,35,6.532345760822731
15683,50,7.449886753616799
18179,50,7.449886753616799
1051,35,6.532345760822731
13378,35,6.532345760822731
8871,35,6.532345760822731
7125,50,7.449886753616799
1558,35,6.532345760822731
17312,50,7.449886753616799
17719,50,7.449886753616799
11798,35,6.532345760822731
19372,35,6.532345760822731
10348,50,7.449886753616799
19505,50,7.449886753616799
15911,35,6.532345760822731
7549,35,6.532345760822731
16064,22,6.4892268533324
15915,35,6.532345760822731
9565,35,6.532345760822731
13525,35,6.532345760822731
11835,35,6.532345760822731
12654,50,7.449886753616799
3358,35,6.532345760822731
13788,4,6.607080960766188
17968,35,6.532345760822731
397,22,6.4892268533324
397,34,6.531553759341571
15693,35,6.532345760822731
7257,35,6.532345760822731
1695,35,6.532345760822731
6473,50,7.449886753616799
11796,35,6.532345760822731
15288,35,6.532345760822731
15625,27,6.4892268533324
8904,35,6.532345760822731
9607,35,6.532345760822731
1771,50,7.449886753616799
15237,35,6.532345760822731
13177,35,6.532345760822731
6690,35,6.532345760822731
4564,35,6.532345760822731
17375,35,6.532345760822731
8970,10,6.732333063003282
11008,35,6.532345760822731
15827,35,6.532345760822731
5139,35,6.532345760822731
16197,50,7.449886753616799
19449,35,6.532345760822731
6454,50,7.449886753616799
11739,35,6.532345760822731
15941,50,7.449886753616799
15132,35,6.532345760822731
11147,35,6.532345760822731
17600,35,6.532345760822731
8453,27,6.4892268533324
2846,50,7.449886753616799
1383,4,6.607080960766188
12907,35,6.532345760822731
10147,35,6.532345760822731
6091,35,6.532345760822731
9874,35,6.532345760822731
5843,35,6.532345760822731
12965,35,6.532345760822731
16095,50,7.449886753616799
677,35,6.532345760822731
9268,35,6.532345760822731
10428,35,6.532345760822731
2189,35,6.532345760822731
12450,35,6.532345760822731
9671,35,6.532345760822731
19267,35,6.532345760822731
6206,35,6.532345760822731
2032,35,6.532345760822731
13346,35,6.532345760822731
592,35,6.532345760822731
13209,35,6.532345760822731
3612,35,6.532345760822731
13302,35,6.532345760822731
2677,35,6.532345760822731
10960,50,7.449886753616799
464,50,7.449886753616799
3561,35,6.532345760822731
2614,4,6.607080960766188
3408,35,6.532345760822731
3576,35,6.532345760822731
6700,35,6.532345760822731
13328,35,6.532345760822731
9059,35,6.532345760822731
3617,35,6.532345760822731
1939,35,6.532345760822731
8487,50,7.449886753616799
4402,35,6.532345760822731
14361,35,6.532345760822731
17213,50,7.449886753616799
15868,35,6.532345760822731
1853,35,6.532345760822731
5115,35,6.532345760822731
13143,35,6.532345760822731
8926,18,6.928419318358549
2188,35,6.532345760822731
18057,50,7.449886753616799
1797,35,6.532345760822731
5960,35,6.532345760822731
5885,35,6.532345760822731
5208,35,6.532345760822731
1398,35,6.532345760822731
3615,35,6.532345760822731
2775,22,6.4892268533324
18705,27,6.4892268533324
12895,35,6.532345760822731
19237,35,6.532345760822731
15382,50,7.449886753616799
7836,50,7.449886753616799
9160,35,6.532345760822731
2166,35,6.532345760822731
12917,50,7.449886753616799
16171,35,6.532345760822731
13181,35,6.532345760822731
2869,35,6.532345760822731
3169,50,7.449886753616799
10077,35,6.532345760822731
13547,35,6.532345760822731
3707,35,6.532345760822731
1633,35,6.532345760822731
2186,35,6.532345760822731
177,35,6.532345760822731
18512,35,6.532345760822731
19299,35,6.532345760822731
52,35,6.532345760822731
373,4,6.607080960766188
8863,35,6.532345760822731
7359,22,6.4892268533324
7485,35,6.532345760822731
483,35,6.532345760822731
11042,35,6.532345760822731
13238,35,6.532345760822731
1453,27,6.4892268533324
10962,35,6.532345760822731
13695,35,6.532345760822731
18377,35,6.532345760822731
1610,35,6.532345760822731
6176,35,6.532345760822731
19302,35,6.532345760822731
16879,35,6.532345760822731
6212,35,6.532345760822731
11374,35,6.532345760822731
11912,50,7.449886753616799
13675,35,6.532345760822731
9840,50,7.449886753616799
1894,35,6.532345760822731
13120,35,6.532345760822731
12932,35,6.532345760822731
6400,35,6.532345760822731
3385,35,6.532345760822731
3484,35,6.532345760822731
4419,35,6.532345760822731
3563,35,6.532345760822731
1836,50,7.449886753616799
8647,35,6.532345760822731
1869,35,6.532345760822731
5288,35,6.532345760822731
3782,35,6.532345760822731
1431,35,6.532345760822731
9335,35,6.532345760822731
15233,35,6.532345760822731
5251,35,6.532345760822731
12439,35,6.532345760822731
15851,35,6.532345760822731
13102,35,6.532345760822731
18164,35,6.532345760822731
12508,35,6.532345760822731
7522,35,6.532345760822731
2661,35,6.532345760822731
10608,35,6.532345760822731
7607,35,6.532345760822731
3397,35,6.532345760822731
19429,35,6.532345760822731
2342,35,6.532345760822731
9302,35,6.532345760822731
14205,35,6.532345760822731
1840,35,6.532345760822731
1339,35,6.532345760822731
4913,50,7.449886753616799
3382,35,6.532345760822731
7670,4,6.607080960766188
6030,35,6.532345760822731
4623,4,6.607080960766188
9703,35,6.532345760822731
11923,50,7.449886753616799
13465,35,6.532345760822731
19586,35,6.532345760822731
6303,4,6.607080960766188
19628,27,6.4892268533324
9380,35,6.532345760822731
13040,35,6.532345760822731
3562,35,6.532345760822731
9685,35,6.532345760822731
4709,35,6.532345760822731
3394,35,6.532345760822731
13506,35,6.532345760822731
10834,35,6.532345760822731
16802,35,6.532345760822731
12173,35,6.532345760822731
19785,35,6.532345760822731
17568,35,6.532345760822731
13157,35,6.532345760822731
4771,35,6.532345760822731
18300,50,7.449886753616799
19751,35,6.532345760822731
15572,35,6.532345760822731
16797,15,6.4892268533324
12820,50,7.449886753616799
13003,35,6.532345760822731
5285,35,6.532345760822731
5271,35,6.532345760822731
14819,35,6.532345760822731
9290,35,6.532345760822731
9614,35,6.532345760822731
3186,35,6.532345760822731
4054,4,6.607080960766188
7661,35,6.532345760822731
5086,15,6.4892268533324
1236,50,7.449886753616799
16834,50,7.449886753616799
18404,50,7.449886753616799
9562,50,7.449886753616799
17371,35,6.532345760822731
13089,35,6.532345760822731
13150,35,6.532345760822731
4577,35,6.532345760822731
9179,22,6.4892268533324
6984,35,6.532345760822731
1340,35,6.532345760822731
9992,50,7.449886753616799
484,35,6.532345760822731
13251,35,6.532345760822731
15612,35,6.532345760822731
11167,35,6.532345760822731
5829,35,6.532345760822731
15551,35,6.532345760822731
17985,35,6.532345760822731
1919,35,6.532345760822731
19781,35,6.532345760822731
13810,35,6.532345760822731
12287,50,7.449886753616799
12287,27,6.4892268533324
5870,50,7.449886753616799
13667,35,6.532345760822731
17253,35,6.532345760822731
6106,35,6.532345760822731
17975,50,7.449886753616799
11092,35,6.532345760822731
15135,50,7.449886753616799
16311,10,6.732333063003282
18321,15,6.4892268533324
14699,35,6.532345760822731
3035,35,6.532345760822731
5907,50,7.449886753616799
1726,50,7.449886753616799
2171,35,6.532345760822731
6782,50,7.449886753616799
1014,50,7.449886753616799
3623,35,6.532345760822731
12395,35,6.532345760822731
17332,35,6.532345760822731
12557,35,6.532345760822731
19735,35,6.532345760822731
10299,50,7.449886753616799
11530,35,6.532345760822731
8862,35,6.532345760822731
5737,35,6.532345760822731
3367,35,6.532345760822731
3033,35,6.532345760822731
3731,35,6.532345760822731
17346,35,6.532345760822731
3073,35,6.532345760822731
13542,35,6.532345760822731
2452,35,6.532345760822731
13819,4,6.607080960766188
14071,4,6.607080960766188
15287,35,6.532345760822731
14064,35,6.532345760822731
16979,35,6.532345760822731
1392,35,6.532345760822731
434,4,6.607080960766188
432,4,6.607080960766188
413,4,6.607080960766188
6398,50,7.449886753616799
18052,22,6.4892268533324
13888,50,7.449886753616799
11340,35,6.532345760822731
11156,35,6.532345760822731
12049,35,6.532345760822731
11829,35,6.532345760822731
3575,35,6.532345760822731
7986,35,6.532345760822731
3847,35,6.532345760822731
3665,35,6.532345760822731
3091,4,6.607080960766188
19584,22,6.4892268533324
3191,35,6.532345760822731
11070,35,6.532345760822731
7299,35,6.532345760822731
414,35,6.532345760822731
12157,35,6.532345760822731
8849,35,6.532345760822731
1861,35,6.532345760822731
13225,35,6.532345760822731
7828,35,6.532345760822731
2229,35,6.532345760822731
14499,35,6.532345760822731
4707,35,6.532345760822731
15640,4,6.607080960766188
3524,35,6.532345760822731
12437,35,6.532345760822731
11746,50,7.449886753616799
14477,50,7.449886753616799
16697,4,6.607080960766188
14029,35,6.532345760822731
13934,35,6.532345760822731
6450,35,6.532345760822731
5974,35,6.532345760822731
5995,35,6.532345760822731
13250,35,6.532345760822731
549,35,6.532345760822731
15165,35,6.532345760822731
16936,35,6.532345760822731
1097,35,6.532345760822731
14485,35,6.532345760822731
2360,35,6.532345760822731
7834,35,6.532345760822731
9749,35,6.532345760822731
9604,35,6.532345760822731
1351,35,6.532345760822731
2799,4,6.607080960766188
13925,35,6.532345760822731
17078,35,6.532345760822731
16208,35,6.532345760822731
2470,35,6.532345760822731
5817,4,6.607080960766188
3855,35,6.532345760822731
437,35,6.532345760822731
14190,27,6.4892268533324
7681,35,6.532345760822731
3557,35,6.532345760822731
9930,35,6.532345760822731
1870,35,6.532345760822731
3669,35,6.532345760822731
3418,35,6.532345760822731
16918,35,6.532345760822731
5223,4,6.607080960766188
1393,35,6.532345760822731
11293,50,7.449886753616799
19410,50,7.449886753616799
19410,35,6.532345760822731
18127,35,6.532345760822731
12174,35,6.532345760822731
12644,35,6.532345760822731
14651,4,6.607080960766188
10185,35,6.532345760822731
13809,35,6.532345760822731
4262,35,6.532345760822731
12927,35,6.532345760822731
12079,35,6.532345760822731
959,35,6.532345760822731
17855,35,6.532345760822731
6448,35,6.532345760822731
11140,35,6.532345760822731
1369,4,6.607080960766188
16943,35,6.532345760822731
5981,35,6.532345760822731
5983,35,6.532345760822731
5982,35,6.532345760822731
14211,35,6.532345760822731
19127,15,6.4892268533324
17523,22,6.4892268533324
17523,35,6.532345760822731
589,10,6.732333063003282
13279,35,6.532345760822731
13053,35,6.532345760822731
284,35,6.532345760822731
5365,4,6.607080960766188
438,4,6.607080960766188
11398,15,6.4892268533324
17157,35,6.532345760822731
13242,35,6.532345760822731
13133,35,6.532345760822731
13196,35,6.532345760822731
1814,4,6.607080960766188
11002,35,6.532345760822731
4437,22,6.4892268533324
1429,35,6.532345760822731
1429,4,6.607080960766188
3203,35,6.532345760822731
17117,35,6.532345760822731
5877,35,6.532345760822731
6660,35,6.532345760822731
14456,50,7.449886753616799
13545,35,6.532345760822731
10448,35,6.532345760822731
7949,35,6.532345760822731
9574,35,6.532345760822731
17870,35,6.532345760822731
3988,27,6.4892268533324
19610,11,7.388569199795336
332,50,7.449886753616799
12205,50,7.449886753616799
12580,35,6.532345760822731
18480,35,6.532345760822731
15239,35,6.532345760822731
6390,35,6.532345760822731
10200,35,6.532345760822731
15344,35,6.532345760822731
14070,50,7.449886753616799
1540,50,7.449886753616799
19826,15,6.4892268533324
10034,35,6.532345760822731
13451,35,6.532345760822731
171,35,6.532345760822731
14540,35,6.532345760822731
8356,50,7.449886753616799
8966,50,7.449886753616799
4586,22,6.4892268533324
4220,35,6.532345760822731
4320,50,7.449886753616799
1564,35,6.532345760822731
19831,35,6.532345760822731
16255,50,7.449886753616799
16967,50,7.449886753616799
15046,35,6.532345760822731
11620,35,6.532345760822731
13435,35,6.532345760822731
7232,50,7.449886753616799
9107,35,6.532345760822731
19175,35,6.532345760822731
5886,50,7.449886753616799
17686,22,6.4892268533324
1217,35,6.532345760822731
9958,50,7.449886753616799
506,35,6.532345760822731
1182,35,6.532345760822731
7396,35,6.532345760822731
1384,35,6.532345760822731
18529,35,6.532345760822731
14838,50,7.449886753616799
11371,50,7.449886753616799
533,35,6.532345760822731
6413,35,6.532345760822731
3357,35,6.532345760822731
11732,50,7.449886753616799
12729,35,6.532345760822731
7284,50,7.449886753616799
4571,35,6.532345760822731
8834,4,6.607080960766188
16260,50,7.449886753616799
16587,50,7.449886753616799
13765,50,7.449886753616799
15674,35,6.532345760822731
17252,35,6.532345760822731
1007,35,6.532345760822731
14618,35,6.532345760822731
16059,35,6.532345760822731
8909,27,6.4892268533324
9569,35,6.532345760822731
6548,35,6.532345760822731
2020,35,6.532345760822731
13007,35,6.532345760822731
5397,27,6.4892268533324
16452,35,6.532345760822731
11020,35,6.532345760822731
4160,35,6.532345760822731
3325,35,6.532345760822731
16264,50,7.449886753616799
13191,35,6.532345760822731
9061,35,6.532345760822731
8912,50,7.449886753616799
9890,35,6.532345760822731
1166,27,6.4892268533324
3627,35,6.532345760822731
7321,35,6.532345760822731
4387,35,6.532345760822731
13256,35,6.532345760822731
5466,35,6.532345760822731
17487,35,6.532345760822731
2604,35,6.532345760822731
522,35,6.532345760822731
19724,35,6.532345760822731
10301,35,6.532345760822731
3259,35,6.532345760822731
6870,35,6.532345760822731
12391,35,6.532345760822731
1548,50,7.449886753616799
10839,50,7.449886753616799
6598,35,6.532345760822731
16094,35,6.532345760822731
5299,35,6.532345760822731
7713,50,7.449886753616799
6264,50,7.449886753616799
10549,35,6.532345760822731
14443,4,6.607080960766188
3591,35,6.532345760822731
11630,22,6.4892268533324
11630,50,7.449886753616799
8152,27,6.4892268533324
10860,50,7.449886753616799
13071,35,6.532345760822731
4798,50,7.449886753616799
4172,35,6.532345760822731
3328,35,6.532345760822731
13329,35,6.532345760822731
18025,35,6.532345760822731
19044,50,7.449886753616799
4925,35,6.532345760822731
2710,35,6.532345760822731
16688,35,6.532345760822731
2863,22,6.4892268533324
3496,35,6.532345760822731
7075,15,6.4892268533324
1843,27,6.4892268533324
19363,27,6.4892268533324
17592,35,6.532345760822731
13083,35,6.532345760822731
9960,50,7.449886753616799
3320,35,6.532345760822731
1559,35,6.532345760822731
952,35,6.532345760822731
12389,35,6.532345760822731
358,15,6.4892268533324
2321,35,6.532345760822731
2317,4,6.607080960766188
9632,35,6.532345760822731
8249,50,7.449886753616799
1654,50,7.449886753616799
17829,35,6.532345760822731
9669,35,6.532345760822731
8393,18,6.928419318358549
3652,35,6.532345760822731
3402,35,6.532345760822731
18157,2,8.534152738277342
10239,35,6.532345760822731
17441,35,6.532345760822731
18272,35,6.532345760822731
13001,35,6.532345760822731
5363,1,7.093036216128728
17311,22,6.4892268533324
3566,35,6.532345760822731
6124,50,7.449886753616799
3641,35,6.532345760822731
14083,50,7.449886753616799
13340,35,6.532345760822731
3433,35,6.532345760822731
12420,35,6.532345760822731
699,35,6.532345760822731
16658,50,7.449886753616799
4380,50,7.449886753616799
7987,50,7.449886753616799
10895,15,6.4892268533324
12074,35,6.532345760822731
3552,35,6.532345760822731
9204,35,6.532345760822731
7003,35,6.532345760822731
16459,50,7.449886753616799
5990,35,6.532345760822731
18889,35,6.532345760822731
13318,35,6.532345760822731
15330,35,6.532345760822731
7310,35,6.532345760822731
11334,15,6.4892268533324
6706,35,6.532345760822731
9236,35,6.532345760822731
8523,50,7.449886753616799
1036,50,7.449886753616799
3334,35,6.532345760822731
3371,35,6.532345760822731
3490,35,6.532345760822731
3528,35,6.532345760822731
3481,35,6.532345760822731
8813,35,6.532345760822731
3337,35,6.532345760822731
13382,35,6.532345760822731
4738,50,7.449886753616799
7237,35,6.532345760822731
17559,35,6.532345760822731
11230,15,6.4892268533324
1936,50,7.449886753616799
10862,50,7.449886753616799
17148,35,6.532345760822731
3471,35,6.532345760822731
4636,4,6.607080960766188
15819,35,6.532345760822731
10003,22,6.4892268533324
18713,35,6.532345760822731
6031,35,6.532345760822731
9741,35,6.532345760822731
4646,50,7.449886753616799
7912,35,6.532345760822731
3515,35,6.532345760822731
12094,35,6.532345760822731
15508,15,6.4892268533324
9205,35,6.532345760822731
16486,35,6.532345760822731
8928,35,6.532345760822731
17468,35,6.532345760822731
8953,35,6.532345760822731
19324,35,6.532345760822731
5708,35,6.532345760822731
1198,35,6.532345760822731
8738,27,6.4892268533324
2735,35,6.532345760822731
3507,35,6.532345760822731
256,4,6.607080960766188
3443,35,6.532345760822731
4545,35,6.532345760822731
568,35,6.532345760822731
13360,35,6.532345760822731
3667,35,6.532345760822731
3348,35,6.532345760822731
3303,35,6.532345760822731
11624,2,8.534152738277342
1549,35,6.532345760822731
15652,35,6.532345760822731
6662,35,6.532345760822731
13112,35,6.532345760822731
18572,35,6.532345760822731
3369,35,6.532345760822731
18735,35,6.532345760822731
3479,35,6.532345760822731
3480,35,6.532345760822731
3631,35,6.532345760822731
8409,35,6.532345760822731
16972,35,6.532345760822731
3763,35,6.532345760822731
6092,35,6.532345760822731
620,15,6.4892268533324
3463,35,6.532345760822731
3332,35,6.532345760822731
3672,35,6.532345760822731
3668,35,6.532345760822731
10451,15,6.4892268533324
815,35,6.532345760822731
7508,35,6.532345760822731
3304,35,6.532345760822731
3648,35,6.532345760822731
19861,50,7.449886753616799
10697,35,6.532345760822731
1526,35,6.532345760822731
3438,35,6.532345760822731
3530,35,6.532345760822731
19,35,6.532345760822731
3505,35,6.532345760822731
3501,35,6.532345760822731
12144,35,6.532345760822731
12299,11,7.388569199795336
182,35,6.532345760822731
3406,35,6.532345760822731
3508,35,6.532345760822731
3366,35,6.532345760822731
3478,35,6.532345760822731
3614,35,6.532345760822731
9802,35,6.532345760822731
17106,50,7.449886753616799
3545,35,6.532345760822731
5300,35,6.532345760822731
3336,35,6.532345760822731
12634,35,6.532345760822731
16728,15,6.4892268533324
8550,50,7.449886753616799
1539,50,7.449886753616799
1884,50,7.449886753616799
18758,27,6.4892268533324
3589,35,6.532345760822731
18585,35,6.532345760822731
8840,35,6.532345760822731
7287,35,6.532345760822731
17555,35,6.532345760822731
12120,35,6.532345760822731
2764,15,6.4892268533324
10126,35,6.532345760822731
3476,35,6.532345760822731
3656,35,6.532345760822731
1860,35,6.532345760822731
4555,50,7.449886753616799
8108,50,7.449886753616799
4736,35,6.532345760822731
18757,22,6.4892268533324
7339,35,6.532345760822731
6834,27,6.4892268533324
9123,4,6.607080960766188
6516,22,6.4892268533324
14469,35,6.532345760822731
15032,4,6.607080960766188
3085,15,6.4892268533324
8073,35,6.532345760822731
4628,4,6.607080960766188
14581,4,6.607080960766188
14262,35,6.532345760822731
606,35,6.532345760822731
3499,35,6.532345760822731
12632,35,6.532345760822731
832,35,6.532345760822731
2537,35,6.532345760822731
10223,35,6.532345760822731
4878,35,6.532345760822731
17682,35,6.532345760822731
3278,50,7.449886753616799
14730,4,6.607080960766188
12589,35,6.532345760822731
3664,35,6.532345760822731
5643,35,6.532345760822731
15166,35,6.532345760822731
873,48,7.417750242526975
19609,35,6.532345760822731
530,35,6.532345760822731
11744,35,6.532345760822731
12027,35,6.532345760822731
3329,35,6.532345760822731
12026,35,6.532345760822731
5327,27,6.4892268533324
5763,35,6.532345760822731
879,35,6.532345760822731
3414,35,6.532345760822731
10072,27,6.4892268533324
15398,50,7.449886753616799
11439,27,6.4892268533324
13272,35,6.532345760822731
9118,50,7.449886753616799
1699,35,6.532345760822731
15821,35,6.532345760822731
13061,35,6.532345760822731
9601,9,7.063490129476194
14390,35,6.532345760822731
7969,50,7.449886753616799
17415,10,6.732333063003282
8371,35,6.532345760822731
14323,35,6.532345760822731
6553,50,7.449886753616799
14867,10,6.732333063003282
15861,50,7.449886753616799
6614,50,7.449886753616799
14060,50,7.449886753616799
15196,50,7.449886753616799
19392,22,6.4892268533324
1782,35,6.532345760822731
9571,22,6.4892268533324
6591,35,6.532345760822731
19301,35,6.532345760822731
7523,22,6.4892268533324
3917,50,7.449886753616799
6283,50,7.449886753616799
15947,15,6.4892268533324
14670,50,7.449886753616799
2620,27,6.4892268533324
2090,50,7.449886753616799
4121,50,7.449886753616799
10019,4,6.607080960766188
8709,50,7.449886753616799
13034,35,6.532345760822731
14891,15,6.4892268533324
11557,35,6.532345760822731
18949,22,6.4892268533324
2329,15,6.4892268533324
