22,6669,6.5772361375116875
22,16758,6.7049531631423855
22,8039,6.5772361375116875
22,9646,8.176584901010916
22,7691,8.602529486300178
22,16356,6.7049531631423855
22,13914,6.7049531631423855
22,19342,6.7049531631423855
22,16612,6.7049531631423855
22,19110,6.7049531631423855
22,10754,6.7049531631423855
22,2029,6.7049531631423855
22,16280,6.7049531631423855
22,8277,6.7049531631423855
22,9466,6.7049531631423855
22,6977,6.7049531631423855
22,15660,6.5772361375116875
22,12627,6.7049531631423855
22,19436,6.7049531631423855
22,19340,6.7049531631423855
22,653,6.7049531631423855
22,16135,6.7049531631423855
22,6874,6.7049531631423855
22,12732,6.5772361375116875
22,7527,6.454459877639566
22,19529,6.7049531631423855
22,14282,6.5772361375116875
22,19768,6.7049531631423855
22,18653,6.4079450344376685
22,9967,6.5772361375116875
22,397,8.51177116624324
22,12247,6.7049531631423855
22,15575,6.7049531631423855
22,4437,6.389945928386472
22,6208,6.7049531631423855
22,11263,6.7049531631423855
22,11660,6.7049531631423855
22,18375,6.7049531631423855
22,7357,6.7049531631423855
5,6669,6.5772361375116875
5,6791,6.7049531631423855
5,2806,6.7049531631423855
5,19610,6.7049531631423855
5,7273,6.7049531631423855
5,7523,8.176584901010916
2,755,6.7049531631423855
2,2539,6.7049531631423855
41,19483,6.7049531631423855
41,15102,6.481172462912225
41,16210,6.7049531631423855
50,16209,8.592257675127184
50,19093,6.7049531631423855
50,19320,6.7049531631423855
50,15171,6.7049531631423855
50,16435,6.7049531631423855
50,18847,6.7049531631423855
50,19049,6.7049531631423855
50,9353,6.7049531631423855
50,6755,6.7049531631423855
50,11656,6.7049531631423855
50,14195,6.7049531631423855
50,11730,6.7049531631423855
50,19430,6.5772361375116875
50,3114,6.7049531631423855
50,8256,6.7049531631423855
50,11731,6.7049531631423855
50,11958,6.7049531631423855
50,18423,6.7049531631423855
50,12333,6.7049531631423855
50,7651,6.5772361375116875
50,11324,6.4079450344376685
50,16218,6.7049531631423855
50,840,6.7049531631423855
50,14010,6.7049531631423855
50,13768,6.7049531631423855
50,10541,6.7049531631423855
50,2731,6.7049531631423855
50,10020,6.7049531631423855
50,16129,6.454459877639566
50,1270,6.7049531631423855
50,4476,6.7049531631423855
50,12733,6.7049531631423855
50,7224,6.7049531631423855
50,9540,6.7049531631423855
50,11448,6.7049531631423855
50,19653,6.7049531631423855
50,15350,6.7049531631423855
50,8341,6.7049531631423855
50,19133,6.7049531631423855
50,5205,6.7049531631423855
50,14707,6.7049531631423855
50,2471,6.7049531631423855
50,18983,6.7049531631423855
50,12262,6.713605489737719
50,19369,6.454459877639566
50,6276,6.7049531631423855
50,6395,6.7049531631423855
50,6681,6.7049531631423855
50,19052,6.7049531631423855
50,9678,6.7049531631423855
50,12289,6.333702803328816
50,7726,6.7049531631423855
50,7360,8.176584901010916
50,838,6.7049531631423855
50,14544,6.7049531631423855
50,3117,6.7049531631423855
50,19059,6.7049531631423855
50,7796,6.7049531631423855
50,15843,6.5772361375116875
50,1026,6.7049531631423855
50,13896,6.7049531631423855
50,11240,6.7049531631423855
50,15757,6.5772361375116875
50,16040,6.7049531631423855
50,18531,6.7049531631423855
50,7888,6.7049531631423855
50,140,6.7049531631423855
50,4064,6.7049531631423855
50,16468,6.7049531631423855
50,89,6.7049531631423855
50,4460,6.7049531631423855
50,11294,6.7049531631423855
50,2351,6.7049531631423855
50,17243,6.7049531631423855
50,15494,6.7049531631423855
50,18590,6.7049531631423855
50,3108,6.7049531631423855
50,844,6.7049531631423855
50,17928,6.7049531631423855
50,18087,6.7049531631423855
50,6789,6.7049531631423855
50,18747,6.7049531631423855
50,3390,6.7049531631423855
50,17372,6.7049531631423855
50,6793,6.7049531631423855
50,9279,6.7049531631423855
50,10354,6.4079450344376685
50,8525,6.7049531631423855
50,17305,6.7049531631423855
50,12697,6.7049531631423855
50,19549,6.7049531631423855
50,8025,6.7049531631423855
50,12286,6.454459877639566
50,6738,6.7049531631423855
50,7080,6.7049531631423855
50,18303,6.7049531631423855
50,11914,6.7049531631423855
50,13944,6.7049531631423855
50,11743,6.7049531631423855
50,2082,6.7049531631423855
50,9340,6.7049531631423855
50,18005,6.7049531631423855
50,9342,6.7049531631423855
50,388,6.7049531631423855
50,11268,6.7049531631423855
50,1656,6.7049531631423855
50,18420,6.7049531631423855
50,19074,6.7049531631423855
50,4693,6.7049531631423855
50,8333,6.7049531631423855
50,4695,6.7049531631423855
50,14450,6.7049531631423855
50,16735,6.7049531631423855
50,16140,6.7049531631423855
50,15683,6.7049531631423855
50,7556,6.7049531631423855
50,7125,6.7049531631423855
50,17312,6.7049531631423855
50,4405,6.7049531631423855
50,1346,6.7049531631423855
50,6473,6.7049531631423855
50,15672,6.7049531631423855
50,8059,6.7049531631423855
50,16197,6.7049531631423855
50,15941,6.7049531631423855
50,18357,6.7049531631423855
50,16095,6.7049531631423855
50,18187,6.7049531631423855
50,8499,6.7049531631423855
50,10011,6.7049531631423855
50,8013,6.7049531631423855
50,4050,6.7049531631423855
50,1035,6.7049531631423855
50,18057,6.7049531631423855
50,12328,6.7049531631423855
50,15382,6.7049531631423855
50,12917,6.7049531631423855
50,7359,6.670760427874614
50,1728,6.7049531631423855
50,9840,6.7049531631423855
50,1622,6.7049531631423855
50,19028,6.7049531631423855
50,2099,6.7049531631423855
50,13906,6.7049531631423855
50,19318,6.7049531631423855
50,1927,6.7049531631423855
50,6744,6.7049531631423855
50,14624,6.7049531631423855
50,2436,6.7049531631423855
50,10398,6.7049531631423855
50,4506,6.7049531631423855
50,9992,6.7049531631423855
50,13890,6.7049531631423855
50,17975,6.7049531631423855
50,67,6.7049531631423855
50,12699,6.7049531631423855
50,2923,6.7049531631423855
50,6782,6.7049531631423855
50,4537,6.7049531631423855
50,2539,6.7049531631423855
50,18068,6.7049531631423855
50,6398,6.7049531631423855
50,15944,6.7049531631423855
50,4519,6.7049531631423855
50,7555,6.7049531631423855
50,11746,6.7049531631423855
50,11822,6.7049531631423855
50,14230,6.7049531631423855
50,5895,6.7049531631423855
50,15668,6.7049531631423855
50,18032,6.7049531631423855
50,5231,6.7049531631423855
50,12205,6.7049531631423855
50,17204,6.7049531631423855
50,1540,6.7049531631423855
50,17451,6.7049531631423855
50,9958,6.7049531631423855
50,1462,6.7049531631423855
50,14853,6.7049531631423855
50,19132,6.7049531631423855
50,14852,7.8478713801857625
50,19827,6.7049531631423855
50,10751,6.333702803328816
50,7974,6.7049531631423855
50,7284,6.7049531631423855
50,14378,6.7049531631423855
50,16260,6.7049531631423855
50,16587,6.7049531631423855
50,8909,8.176584901010916
50,7956,6.7049531631423855
50,12887,6.7049531631423855
50,10617,6.7049531631423855
50,11630,6.3406056052247575
50,13842,8.176584901010916
50,9832,6.7049531631423855
50,17711,6.7049531631423855
50,6801,6.7049531631423855
50,3954,6.7049531631423855
50,12737,6.7049531631423855
50,12294,8.176584901010916
50,12259,6.7049531631423855
50,2910,6.7049531631423855
50,16692,6.7049531631423855
50,15484,6.7049531631423855
50,16658,6.7049531631423855
50,12513,6.7049531631423855
50,240,6.7049531631423855
50,2909,6.7049531631423855
50,10862,6.7049531631423855
50,10917,6.7049531631423855
50,4531,6.7049531631423855
50,66,6.7049531631423855
50,2463,6.7049531631423855
50,10823,6.7049531631423855
50,8703,6.7049531631423855
50,3541,6.7049531631423855
50,8637,6.7049531631423855
50,7526,6.7049531631423855
50,18230,6.7049531631423855
50,10656,6.7049531631423855
50,16806,6.7049531631423855
50,16793,6.7049531631423855
50,1884,6.7049531631423855
50,10786,6.7049531631423855
50,4098,6.7049531631423855
50,15943,6.7049531631423855
50,4555,6.7049531631423855
50,6834,6.333702803328816
50,19138,6.7049531631423855
50,14623,6.7049531631423855
50,1552,6.7049531631423855
50,7969,6.7049531631423855
50,2091,6.7049531631423855
50,15861,6.7049531631423855
50,6614,6.7049531631423855
50,13647,6.7049531631423855
50,6283,6.7049531631423855
50,8709,6.7049531631423855
50,1151,6.7049531631423855
10,7753,6.388989137639885
10,11550,6.7049531631423855
10,12857,6.7049531631423855
10,15102,6.481172462912225
10,17622,6.7049531631423855
10,18609,6.7049531631423855
10,18701,6.7049531631423855
10,19310,6.333702803328816
10,10113,6.7049531631423855
10,14925,6.7049531631423855
10,14521,6.7049531631423855
10,15891,6.7049531631423855
10,385,6.7049531631423855
10,589,6.7049531631423855
10,10464,6.7049531631423855
27,19001,6.3406056052247575
27,2044,8.592257675127184
27,12236,6.5772361375116875
27,4394,6.5772361375116875
27,11151,6.273688480873684
27,14334,6.5772361375116875
27,1265,8.617584089272126
27,9493,6.3406056052247575
27,11452,8.176584901010916
27,19369,6.454459877639566
27,6395,6.7049531631423855
27,4139,6.5772361375116875
27,4015,7.548932392191606
27,89,6.7049531631423855
27,18919,6.7049531631423855
27,8735,6.7049531631423855
27,17366,6.7049531631423855
27,15625,7.8478713801857625
27,15540,6.7049531631423855
27,18771,6.7049531631423855
27,5208,6.5772361375116875
27,9486,6.7049531631423855
27,349,8.176584901010916
27,7032,6.7049531631423855
27,7044,6.7049531631423855
27,4586,8.176584901010916
27,19366,6.7049531631423855
27,4330,6.7049531631423855
27,3446,6.7049531631423855
27,3467,6.7049531631423855
27,4887,6.7049531631423855
27,18294,6.7049531631423855
27,2146,6.7049531631423855
27,8703,6.7049531631423855
27,16294,6.7049531631423855
27,16605,6.7049531631423855
27,16221,6.7049531631423855
27,5399,6.7049531631423855
27,2620,6.7049531631423855
35,5775,6.7049531631423855
35,12914,6.7049531631423855
35,17622,6.7049531631423855
35,12951,6.7049531631423855
35,13635,6.5772361375116875
35,3205,6.7049531631423855
35,12553,6.7049531631423855
35,6449,6.7049531631423855
35,13787,6.7049531631423855
35,13459,6.7049531631423855
35,7268,6.7049531631423855
35,19554,6.7049531631423855
35,3044,6.7049531631423855
35,5834,6.7049531631423855
35,12656,6.7049531631423855
35,4175,6.7049531631423855
35,18059,6.7049531631423855
35,10778,6.7049531631423855
35,1267,6.7049531631423855
35,18540,6.7049531631423855
35,19413,6.7049531631423855
35,19787,6.7049531631423855
35,19905,6.7049531631423855
35,6006,6.7049531631423855
35,13669,6.7049531631423855
35,13315,6.7049531631423855
35,551,6.7049531631423855
35,11682,6.7049531631423855
35,8003,6.7049531631423855
35,15661,6.7049531631423855
35,13432,6.7049531631423855
35,12434,6.7049531631423855
35,7635,6.7049531631423855
35,3179,6.454459877639566
35,4031,6.7049531631423855
35,4785,6.7049531631423855
35,13327,6.7049531631423855
35,15820,6.7049531631423855
35,19404,6.7049531631423855
35,6126,6.7049531631423855
35,6504,6.7049531631423855
35,2584,6.7049531631423855
35,11800,6.7049531631423855
35,17942,6.7049531631423855
35,5396,6.7049531631423855
35,7662,6.7049531631423855
35,11814,6.333702803328816
35,12404,6.7049531631423855
35,14654,6.7049531631423855
35,9555,6.7049531631423855
35,12596,6.7049531631423855
35,2209,6.7049531631423855
35,4894,6.7049531631423855
35,2084,6.7049531631423855
35,3864,6.7049531631423855
35,14487,6.7049531631423855
35,4349,6.7049531631423855
35,13373,6.7049531631423855
35,15248,6.7049531631423855
35,11038,6.7049531631423855
35,4561,6.7049531631423855
35,12563,6.7049531631423855
35,6465,6.7049531631423855
35,10009,6.7049531631423855
35,9846,6.7049531631423855
35,7489,6.7049531631423855
35,7733,6.7049531631423855
35,8044,6.7049531631423855
35,12961,6.7049531631423855
35,13026,6.7049531631423855
35,10094,6.7049531631423855
35,10092,6.7049531631423855
35,11580,6.7049531631423855
35,15657,6.7049531631423855
35,19229,6.7049531631423855
35,5761,6.7049531631423855
35,15176,6.7049531631423855
35,17396,6.7049531631423855
35,18255,6.7049531631423855
35,15147,6.7049531631423855
35,16404,6.7049531631423855
35,15433,6.7049531631423855
35,18193,6.7049531631423855
35,17270,6.7049531631423855
35,13430,6.7049531631423855
35,13152,6.7049531631423855
35,16365,6.7049531631423855
35,12864,6.7049531631423855
35,15579,6.7049531631423855
35,8268,6.7049531631423855
35,16876,6.7049531631423855
35,5869,6.7049531631423855
35,12855,6.7049531631423855
35,11149,6.7049531631423855
35,16156,6.7049531631423855
35,11581,6.7049531631423855
35,11037,6.7049531631423855
35,12130,6.7049531631423855
35,15697,6.7049531631423855
35,7202,6.7049531631423855
35,5149,6.7049531631423855
35,4649,6.7049531631423855
35,13415,6.7049531631423855
35,13544,6.7049531631423855
35,3592,6.7049531631423855
35,18501,6.7049531631423855
35,607,6.7049531631423855
35,5849,6.7049531631423855
35,16878,6.7049531631423855
35,13882,6.7049531631423855
35,17964,6.7049531631423855
35,13899,6.7049531631423855
35,13366,6.7049531631423855
35,2424,6.7049531631423855
35,13280,6.7049531631423855
35,13376,6.7049531631423855
35,15422,6.7049531631423855
35,3799,6.7049531631423855
35,13362,6.7049531631423855
35,11189,6.7049531631423855
35,13073,6.7049531631423855
35,5887,6.7049531631423855
35,17508,6.7049531631423855
35,13676,6.7049531631423855
35,1276,6.7049531631423855
35,11532,6.7049531631423855
35,2355,6.7049531631423855
35,16320,6.7049531631423855
35,18535,6.7049531631423855
35,10108,6.7049531631423855
35,5968,6.7049531631423855
35,12832,6.7049531631423855
35,12402,6.7049531631423855
35,10252,6.7049531631423855
35,10846,6.7049531631423855
35,1345,6.7049531631423855
35,10855,6.7049531631423855
35,16347,6.7049531631423855
35,12457,6.7049531631423855
35,7031,6.7049531631423855
35,9689,6.7049531631423855
35,6650,6.7049531631423855
35,4044,6.7049531631423855
35,8486,6.7049531631423855
35,15753,6.7049531631423855
35,13139,6.7049531631423855
35,8512,6.7049531631423855
35,13333,6.7049531631423855
35,5536,6.7049531631423855
35,2600,6.7049531631423855
35,13307,6.7049531631423855
35,4893,6.7049531631423855
35,13063,6.7049531631423855
35,3708,6.7049531631423855
35,225,6.7049531631423855
35,13538,6.7049531631423855
35,12435,6.7049531631423855
35,7443,6.7049531631423855
35,11808,6.7049531631423855
35,15752,6.7049531631423855
35,14379,6.7049531631423855
35,8597,6.7049531631423855
35,9048,6.7049531631423855
35,4176,6.7049531631423855
35,10994,6.7049531631423855
35,13347,6.7049531631423855
35,11001,6.7049531631423855
35,17089,6.7049531631423855
35,15638,6.7049531631423855
35,17866,6.7049531631423855
35,8122,6.7049531631423855
35,8604,6.7049531631423855
35,8821,6.7049531631423855
35,3871,6.7049531631423855
35,10896,6.7049531631423855
35,1740,6.7049531631423855
35,18857,6.7049531631423855
35,8215,6.7049531631423855
35,6698,6.7049531631423855
35,9231,6.7049531631423855
35,8636,6.7049531631423855
35,13349,6.7049531631423855
35,13082,6.7049531631423855
35,1595,6.7049531631423855
35,15783,6.7049531631423855
35,7954,6.7049531631423855
35,7955,6.7049531631423855
35,13364,6.7049531631423855
35,11288,6.7049531631423855
35,1904,6.7049531631423855
35,16017,6.7049531631423855
35,13032,6.7049531631423855
35,2796,6.7049531631423855
35,6000,6.7049531631423855
35,4148,6.7049531631423855
35,15987,6.7049531631423855
35,10658,6.7049531631423855
35,695,6.7049531631423855
35,9884,6.7049531631423855
35,18370,6.7049531631423855
35,5516,6.7049531631423855
35,15464,6.7049531631423855
35,558,6.7049531631423855
35,763,6.7049531631423855
35,9627,6.7049531631423855
35,18753,6.7049531631423855
35,9955,6.7049531631423855
35,13686,6.7049531631423855
35,7305,6.7049531631423855
35,11157,6.7049531631423855
35,2646,6.7049531631423855
35,18481,6.7049531631423855
35,2726,6.7049531631423855
35,4379,6.7049531631423855
35,7397,6.7049531631423855
35,11618,6.7049531631423855
35,9016,6.7049531631423855
35,15273,6.7049531631423855
35,3066,6.7049531631423855
35,17215,6.7049531631423855
35,5310,6.7049531631423855
35,10083,6.7049531631423855
35,14744,6.7049531631423855
35,1887,6.7049531631423855
35,3701,6.7049531631423855
35,7395,6.7049531631423855
35,14749,6.7049531631423855
35,1283,6.7049531631423855
35,2521,6.7049531631423855
35,8806,6.7049531631423855
35,3020,6.7049531631423855
35,17915,6.7049531631423855
35,11538,6.7049531631423855
35,14299,6.7049531631423855
35,13396,6.7049531631423855
35,13190,6.7049531631423855
35,2437,6.7049531631423855
35,8859,6.7049531631423855
35,15457,6.7049531631423855
35,19185,6.7049531631423855
35,10996,6.7049531631423855
35,43,6.7049531631423855
35,5118,6.7049531631423855
35,13687,6.7049531631423855
35,6743,6.7049531631423855
35,9311,6.7049531631423855
35,10557,6.7049531631423855
35,2844,6.7049531631423855
35,13330,6.7049531631423855
35,17188,6.7049531631423855
35,10746,6.7049531631423855
35,19696,6.7049531631423855
35,13928,6.7049531631423855
35,10266,6.7049531631423855
35,9706,6.7049531631423855
35,10741,6.7049531631423855
35,6730,6.7049531631423855
35,561,6.7049531631423855
35,14795,6.7049531631423855
35,15880,6.7049531631423855
35,9714,6.7049531631423855
35,10965,6.7049531631423855
35,1300,6.7049531631423855
35,13897,6.7049531631423855
35,6911,6.7049531631423855
35,14836,6.7049531631423855
35,14411,6.7049531631423855
35,1449,6.7049531631423855
35,12182,6.7049531631423855
35,14194,6.7049531631423855
35,14613,6.7049531631423855
35,13536,6.7049531631423855
35,5905,6.7049531631423855
35,5916,6.7049531631423855
35,14806,6.7049531631423855
35,19331,6.7049531631423855
35,13755,6.7049531631423855
35,600,6.7049531631423855
35,15431,6.7049531631423855
35,19149,6.7049531631423855
35,14182,6.7049531631423855
35,13598,6.7049531631423855
35,11255,6.7049531631423855
35,18772,6.7049531631423855
35,13386,6.7049531631423855
35,13378,6.7049531631423855
35,14772,6.7049531631423855
35,17640,6.7049531631423855
35,13423,6.7049531631423855
35,6221,6.7049531631423855
35,8794,6.7049531631423855
35,15628,6.7049531631423855
35,8869,6.7049531631423855
35,6389,6.7049531631423855
35,11519,6.7049531631423855
35,578,6.7049531631423855
35,19182,6.7049531631423855
35,450,6.7049531631423855
35,12172,6.7049531631423855
35,13771,6.7049531631423855
35,17691,6.7049531631423855
35,4043,6.7049531631423855
35,18053,6.7049531631423855
35,9565,6.7049531631423855
35,18652,6.7049531631423855
35,13232,6.7049531631423855
35,1693,6.7049531631423855
35,12747,6.7049531631423855
35,13085,6.7049531631423855
35,18491,6.7049531631423855
35,17885,6.7049531631423855
35,16981,6.7049531631423855
35,15693,6.7049531631423855
35,16813,6.7049531631423855
35,12616,6.7049531631423855
35,1817,6.7049531631423855
35,2650,6.7049531631423855
35,7830,6.7049531631423855
35,19298,6.7049531631423855
35,5232,6.7049531631423855
35,6776,6.7049531631423855
35,6084,6.7049531631423855
35,10619,6.7049531631423855
35,5093,6.7049531631423855
35,13088,6.7049531631423855
35,5769,6.7049531631423855
35,10792,6.7049531631423855
35,2138,6.7049531631423855
35,16158,6.7049531631423855
35,11639,6.7049531631423855
35,9180,6.7049531631423855
35,2728,6.7049531631423855
35,19801,6.7049531631423855
35,18736,6.7049531631423855
35,3048,6.7049531631423855
35,19816,6.7049531631423855
35,17872,6.7049531631423855
35,18003,6.7049531631423855
35,8018,6.7049531631423855
35,12907,6.7049531631423855
35,5843,6.7049531631423855
35,13241,6.7049531631423855
35,847,6.7049531631423855
35,15990,6.7049531631423855
35,677,6.7049531631423855
35,6206,6.7049531631423855
35,2032,6.7049531631423855
35,3612,6.7049531631423855
35,855,6.7049531631423855
35,1446,6.7049531631423855
35,3379,6.7049531631423855
35,3561,6.7049531631423855
35,3374,6.7049531631423855
35,3408,6.7049531631423855
35,3578,6.7049531631423855
35,3359,6.7049531631423855
35,10726,6.7049531631423855
35,13328,6.7049531631423855
35,18619,6.5772361375116875
35,13011,6.7049531631423855
35,9193,6.7049531631423855
35,7341,6.7049531631423855
35,5863,6.7049531631423855
35,5256,6.7049531631423855
35,10938,6.7049531631423855
35,3615,6.7049531631423855
35,13879,6.7049531631423855
35,18789,6.454459877639566
35,17392,6.7049531631423855
35,3319,6.7049531631423855
35,11019,6.7049531631423855
35,6101,6.7049531631423855
35,6899,6.7049531631423855
35,13648,6.7049531631423855
35,13181,6.7049531631423855
35,2869,6.7049531631423855
35,17393,6.7049531631423855
35,8878,6.7049531631423855
35,14181,6.7049531631423855
35,9626,6.7049531631423855
35,11569,6.7049531631423855
35,2186,6.7049531631423855
35,18512,6.7049531631423855
35,373,6.333702803328816
35,1289,6.7049531631423855
35,2164,6.7049531631423855
35,17025,6.7049531631423855
35,9146,6.7049531631423855
35,6685,6.7049531631423855
35,18581,6.7049531631423855
35,17139,6.7049531631423855
35,13675,6.7049531631423855
35,2019,6.7049531631423855
35,616,6.7049531631423855
35,156,6.7049531631423855
35,3487,6.7049531631423855
35,12932,6.7049531631423855
35,1891,6.7049531631423855
35,3445,6.7049531631423855
35,3305,6.7049531631423855
35,3484,6.7049531631423855
35,5699,6.7049531631423855
35,3409,6.7049531631423855
35,13757,6.7049531631423855
35,8647,6.7049531631423855
35,12399,6.7049531631423855
35,5288,6.7049531631423855
35,11098,6.7049531631423855
35,2655,6.7049531631423855
35,15851,6.7049531631423855
35,18164,6.7049531631423855
35,15610,6.7049531631423855
35,14958,6.7049531631423855
35,1169,6.7049531631423855
35,13933,6.7049531631423855
35,2661,6.7049531631423855
35,7369,6.7049531631423855
35,10608,6.7049531631423855
35,12406,6.7049531631423855
35,7621,6.7049531631423855
35,4484,6.7049531631423855
35,7607,6.7049531631423855
35,17967,6.7049531631423855
35,5377,6.7049531631423855
35,15765,6.7049531631423855
35,9302,6.7049531631423855
35,14205,6.7049531631423855
35,16048,6.7049531631423855
35,17521,6.7049531631423855
35,6844,6.7049531631423855
35,18876,6.7049531631423855
35,3248,6.7049531631423855
35,668,6.7049531631423855
35,13287,6.7049531631423855
35,6030,6.7049531631423855
35,19731,6.7049531631423855
35,7398,6.5772361375116875
35,9990,6.7049531631423855
35,1510,6.7049531631423855
35,9703,6.7049531631423855
35,19273,6.7049531631423855
35,18079,6.7049531631423855
35,7040,6.7049531631423855
35,7574,6.7049531631423855
35,9380,6.7049531631423855
35,13147,6.7049531631423855
35,13650,6.7049531631423855
35,7315,6.7049531631423855
35,16855,6.7049531631423855
35,5170,6.7049531631423855
35,17954,6.7049531631423855
35,496,6.7049531631423855
35,15572,6.7049531631423855
35,4923,6.7049531631423855
35,5259,6.7049531631423855
35,3994,6.7049531631423855
35,528,6.7049531631423855
35,5271,6.7049531631423855
35,14034,6.7049531631423855
35,12159,6.7049531631423855
35,17596,6.7049531631423855
35,7838,6.7049531631423855
35,4369,6.7049531631423855
35,8852,6.7049531631423855
35,17371,6.7049531631423855
35,6686,6.7049531631423855
35,13089,6.7049531631423855
35,14805,6.7049531631423855
35,10530,6.7049531631423855
35,9237,6.7049531631423855
35,11167,6.7049531631423855
35,3435,6.7049531631423855
35,1919,6.7049531631423855
35,7000,6.7049531631423855
35,17253,6.7049531631423855
35,12940,6.7049531631423855
35,11092,6.7049531631423855
35,17331,6.7049531631423855
35,5284,6.7049531631423855
35,9904,6.7049531631423855
35,17650,6.7049531631423855
35,15580,6.7049531631423855
35,13601,6.7049531631423855
35,12395,6.7049531631423855
35,14022,6.7049531631423855
35,19735,6.7049531631423855
35,613,6.7049531631423855
35,380,6.7049531631423855
35,17346,6.7049531631423855
35,3073,6.7049531631423855
35,18118,6.7049531631423855
35,18852,6.7049531631423855
35,12824,6.7049531631423855
35,14579,6.7049531631423855
35,15339,8.176584901010916
35,2452,6.7049531631423855
35,18740,6.7049531631423855
35,15287,6.7049531631423855
35,2893,6.7049531631423855
35,11642,6.7049531631423855
35,10512,6.7049531631423855
35,16979,6.7049531631423855
35,1392,6.7049531631423855
35,11032,6.7049531631423855
35,434,6.7049531631423855
35,9691,6.7049531631423855
35,1288,6.7049531631423855
35,5254,6.7049531631423855
35,9238,6.7049531631423855
35,18525,6.7049531631423855
35,15781,6.7049531631423855
35,1089,6.7049531631423855
35,6422,6.7049531631423855
35,17944,6.7049531631423855
35,4860,6.7049531631423855
35,7986,6.7049531631423855
35,11109,6.7049531631423855
35,6692,6.7049531631423855
35,7218,6.7049531631423855
35,17039,6.7049531631423855
35,9228,6.7049531631423855
35,12490,6.7049531631423855
35,18497,6.7049531631423855
35,10458,6.7049531631423855
35,2277,6.7049531631423855
35,19548,6.7049531631423855
35,12157,6.7049531631423855
35,8849,6.7049531631423855
35,1861,6.7049531631423855
35,16983,6.7049531631423855
35,3365,6.7049531631423855
35,3597,6.7049531631423855
35,5233,6.7049531631423855
35,14923,6.7049531631423855
35,9612,6.7049531631423855
35,5993,6.7049531631423855
35,13437,6.7049531631423855
35,6447,6.7049531631423855
35,3534,6.7049531631423855
35,18419,6.7049531631423855
35,11524,6.7049531631423855
35,3524,6.7049531631423855
35,12437,6.7049531631423855
35,6886,6.7049531631423855
35,15749,6.7049531631423855
35,3551,6.7049531631423855
35,7680,6.7049531631423855
35,6450,6.7049531631423855
35,5974,6.7049531631423855
35,16936,6.7049531631423855
35,1097,6.7049531631423855
35,6090,6.7049531631423855
35,14485,6.7049531631423855
35,13114,6.7049531631423855
35,2360,6.7049531631423855
35,14009,6.7049531631423855
35,2804,6.5772361375116875
35,13925,6.7049531631423855
35,16208,6.7049531631423855
35,12018,6.7049531631423855
35,12891,6.7049531631423855
35,2470,6.7049531631423855
35,10323,6.7049531631423855
35,8783,6.7049531631423855
35,12216,6.7049531631423855
35,12603,6.7049531631423855
35,3557,6.7049531631423855
35,9930,6.7049531631423855
35,8903,6.7049531631423855
35,11875,6.7049531631423855
35,4610,6.7049531631423855
35,13044,6.7049531631423855
35,3554,6.7049531631423855
35,18127,6.7049531631423855
35,9568,6.7049531631423855
35,13809,6.7049531631423855
35,12446,6.7049531631423855
35,12079,6.7049531631423855
35,15760,6.7049531631423855
35,237,6.7049531631423855
35,6448,6.7049531631423855
35,11140,6.7049531631423855
35,6446,6.7049531631423855
35,5984,6.7049531631423855
35,205,6.7049531631423855
35,17523,6.4079450344376685
35,5991,6.7049531631423855
35,3517,6.7049531631423855
35,10195,6.7049531631423855
35,11002,6.7049531631423855
35,6732,6.7049531631423855
35,12166,6.7049531631423855
35,342,6.7049531631423855
35,9983,6.7049531631423855
35,19865,6.7049531631423855
35,12498,6.7049531631423855
35,782,6.7049531631423855
35,6017,6.7049531631423855
35,12881,6.7049531631423855
35,12169,6.7049531631423855
35,8586,6.7049531631423855
35,3682,6.7049531631423855
35,15771,6.7049531631423855
35,6390,6.7049531631423855
35,14558,6.7049531631423855
35,2195,6.7049531631423855
35,6894,6.7049531631423855
35,16278,6.7049531631423855
35,18458,6.7049531631423855
35,8569,6.7049531631423855
35,13452,6.7049531631423855
35,13451,6.7049531631423855
35,13503,6.7049531631423855
35,3585,6.7049531631423855
35,1424,6.7049531631423855
35,6642,6.7049531631423855
35,1564,6.7049531631423855
35,2201,6.7049531631423855
35,16080,6.7049531631423855
35,19831,6.7049531631423855
35,12865,6.7049531631423855
35,2182,6.7049531631423855
35,488,6.7049531631423855
35,7108,6.7049531631423855
35,4795,6.7049531631423855
35,12615,6.7049531631423855
35,3357,6.7049531631423855
35,10482,6.7049531631423855
35,1888,6.7049531631423855
35,9352,6.7049531631423855
35,9642,6.7049531631423855
35,12138,6.7049531631423855
35,4571,6.7049531631423855
35,1956,6.7049531631423855
35,15674,6.7049531631423855
35,2448,6.7049531631423855
35,14632,6.7049531631423855
35,18128,6.7049531631423855
35,16582,6.7049531631423855
35,16452,6.7049531631423855
35,19733,6.7049531631423855
35,11084,6.7049531631423855
35,16628,6.7049531631423855
35,13243,6.7049531631423855
35,13191,6.7049531631423855
35,14994,6.7049531631423855
35,9890,6.7049531631423855
35,11555,6.7049531631423855
35,3627,6.7049531631423855
35,3542,6.7049531631423855
35,18210,6.7049531631423855
35,19711,6.7049531631423855
35,3600,6.7049531631423855
35,13256,6.7049531631423855
35,17408,6.7049531631423855
35,3349,6.7049531631423855
35,10301,6.7049531631423855
35,17597,6.7049531631423855
35,3259,6.7049531631423855
35,19371,6.7049531631423855
35,3106,6.7049531631423855
35,18209,6.7049531631423855
35,3588,6.7049531631423855
35,10549,6.7049531631423855
35,17476,6.7049531631423855
35,11080,6.7049531631423855
35,3676,6.7049531631423855
35,3535,6.7049531631423855
35,3342,6.7049531631423855
35,766,6.7049531631423855
35,1874,6.7049531631423855
35,4172,6.7049531631423855
35,3311,6.7049531631423855
35,2961,6.7049531631423855
35,13797,6.7049531631423855
35,6954,6.7049531631423855
35,13436,6.7049531631423855
35,3372,6.7049531631423855
35,3496,6.7049531631423855
35,10631,6.7049531631423855
35,3396,6.7049531631423855
35,10906,6.7049531631423855
35,9632,6.7049531631423855
35,9669,6.7049531631423855
35,786,6.7049531631423855
35,3652,6.7049531631423855
35,11825,6.7049531631423855
35,590,6.7049531631423855
35,6214,6.7049531631423855
35,17001,6.7049531631423855
35,3475,6.7049531631423855
35,3634,6.7049531631423855
35,6407,6.7049531631423855
35,12074,6.7049531631423855
35,16764,6.7049531631423855
35,9613,6.7049531631423855
35,19325,6.7049531631423855
35,5975,6.7049531631423855
35,12113,6.7049531631423855
35,15330,6.7049531631423855
35,18211,6.7049531631423855
35,3482,6.7049531631423855
35,6068,6.7049531631423855
35,3334,6.7049531631423855
35,6070,6.7049531631423855
35,13047,6.7049531631423855
35,10273,6.7049531631423855
35,3528,6.7049531631423855
35,17435,6.7049531631423855
35,2441,6.7049531631423855
35,3666,6.7049531631423855
35,10534,6.7049531631423855
35,14374,6.7049531631423855
35,1535,6.7049531631423855
35,3471,6.7049531631423855
35,17715,6.7049531631423855
35,17642,6.7049531631423855
35,12035,6.7049531631423855
35,582,6.7049531631423855
35,18286,6.7049531631423855
35,3353,6.7049531631423855
35,6655,6.7049531631423855
35,3645,6.7049531631423855
35,12910,6.7049531631423855
35,9017,6.7049531631423855
35,3583,6.7049531631423855
35,5515,6.7049531631423855
35,2280,6.7049531631423855
35,17955,6.7049531631423855
35,3454,6.7049531631423855
35,3507,6.7049531631423855
35,3443,6.7049531631423855
35,2036,6.7049531631423855
35,5707,6.7049531631423855
35,4864,6.7049531631423855
35,3598,6.7049531631423855
35,535,6.7049531631423855
35,6662,6.7049531631423855
35,3458,6.7049531631423855
35,13112,6.7049531631423855
35,13372,6.7049531631423855
35,18735,6.7049531631423855
35,16047,6.7049531631423855
35,7153,6.7049531631423855
35,3429,6.7049531631423855
35,3684,6.7049531631423855
35,8241,6.7049531631423855
35,3354,6.7049531631423855
35,11706,6.7049531631423855
35,12802,6.7049531631423855
35,620,6.333702803328816
35,3309,6.7049531631423855
35,3659,6.7049531631423855
35,3619,6.7049531631423855
35,3540,6.7049531631423855
35,3532,6.7049531631423855
35,13420,6.7049531631423855
35,3304,6.7049531631423855
35,13749,6.7049531631423855
35,1526,6.7049531631423855
35,15691,6.7049531631423855
35,3546,6.7049531631423855
35,3438,6.7049531631423855
35,3564,6.7049531631423855
35,3649,6.7049531631423855
35,3505,6.7049531631423855
35,12144,6.7049531631423855
35,182,6.7049531631423855
35,3614,6.7049531631423855
35,7859,6.7049531631423855
35,9802,6.7049531631423855
35,17364,6.7049531631423855
35,11764,6.7049531631423855
35,6857,6.7049531631423855
35,10188,6.7049531631423855
35,8840,6.7049531631423855
35,1940,6.7049531631423855
35,5286,6.7049531631423855
35,4547,6.7049531631423855
35,17555,6.7049531631423855
35,3611,6.7049531631423855
35,3770,6.7049531631423855
35,3097,6.7049531631423855
35,18264,6.7049531631423855
35,3477,6.7049531631423855
35,3417,6.7049531631423855
35,3696,6.7049531631423855
35,1860,6.7049531631423855
35,4736,6.7049531631423855
35,6884,6.7049531631423855
35,6665,6.7049531631423855
35,5400,6.7049531631423855
35,3489,6.7049531631423855
35,7339,6.7049531631423855
35,13204,6.7049531631423855
35,14469,6.7049531631423855
35,12551,6.7049531631423855
35,15873,6.7049531631423855
35,7438,6.7049531631423855
35,5077,6.7049531631423855
35,13936,6.7049531631423855
35,720,6.7049531631423855
35,3499,6.7049531631423855
35,5241,6.7049531631423855
35,5322,6.7049531631423855
35,3352,6.7049531631423855
35,2537,6.7049531631423855
35,2929,6.7049531631423855
35,12995,6.7049531631423855
35,3660,6.7049531631423855
35,13028,6.7049531631423855
35,3651,6.7049531631423855
35,14755,6.7049531631423855
35,11744,6.7049531631423855
35,3329,6.7049531631423855
35,15226,6.7049531631423855
35,3461,6.7049531631423855
35,15229,6.7049531631423855
35,14636,6.7049531631423855
35,3414,6.7049531631423855
35,3184,6.7049531631423855
35,1980,6.7049531631423855
35,6633,6.7049531631423855
35,13210,6.7049531631423855
35,14323,6.7049531631423855
35,11615,6.7049531631423855
35,13595,6.7049531631423855
35,12378,6.7049531631423855
35,1976,6.7049531631423855
35,3516,6.7049531631423855
35,2088,6.7049531631423855
35,13034,6.7049531631423855
35,13400,6.7049531631423855
35,11557,6.7049531631423855
15,9928,6.093774966718358
15,12060,6.7049531631423855
15,17173,6.7049531631423855
15,745,6.7049531631423855
15,11188,6.344812544966608
15,5098,6.7049531631423855
15,4105,6.7049531631423855
15,203,6.7049531631423855
15,6761,6.7049531631423855
15,6054,6.7049531631423855
15,12848,6.7049531631423855
15,4018,6.7049531631423855
15,19826,6.7049531631423855
15,4580,6.7049531631423855
15,7075,6.7049531631423855
15,11230,6.7049531631423855
15,12522,6.7049531631423855
15,4972,6.7049531631423855
15,14891,6.7049531631423855
16,4319,8.176584901010916
30,8045,6.7049531631423855
34,8587,8.275042174955225
34,3289,6.7049531631423855
34,7874,6.7049531631423855
34,3955,6.7049531631423855
48,15660,6.5772361375116875
48,19004,7.8478713801857625
4,3199,6.7049531631423855
4,5211,6.7049531631423855
4,11107,6.7049531631423855
4,3150,6.7049531631423855
4,6680,6.5772361375116875
4,10946,6.7049531631423855
4,1873,6.7049531631423855
4,17708,6.7049531631423855
4,16371,6.7049531631423855
4,5332,6.7049531631423855
4,226,6.7049531631423855
4,3093,6.7049531631423855
4,1595,6.7049531631423855
4,5169,6.7049531631423855
4,12398,6.7049531631423855
4,11576,6.7049531631423855
4,1377,6.7049531631423855
4,8807,6.7049531631423855
4,289,6.7049531631423855
4,422,6.7049531631423855
4,5861,6.7049531631423855
4,412,6.7049531631423855
4,2530,6.7049531631423855
4,231,6.7049531631423855
4,13788,6.5772361375116875
4,1380,6.7049531631423855
4,8999,6.7049531631423855
4,2641,6.7049531631423855
4,7670,6.7049531631423855
4,4623,6.7049531631423855
4,7669,6.7049531631423855
4,13795,6.7049531631423855
4,14071,6.7049531631423855
4,434,6.7049531631423855
4,425,6.7049531631423855
4,7617,6.7049531631423855
4,1411,6.7049531631423855
4,3092,6.7049531631423855
4,3091,6.7049531631423855
4,14513,6.7049531631423855
4,1408,6.7049531631423855
4,2801,6.7049531631423855
4,5817,6.7049531631423855
4,5365,6.7049531631423855
4,438,6.7049531631423855
4,4642,6.7049531631423855
4,11066,6.7049531631423855
4,10201,6.333702803328816
4,14679,6.7049531631423855
4,18683,6.7049531631423855
4,14443,6.7049531631423855
4,9623,6.7049531631423855
4,2318,6.7049531631423855
4,4168,6.7049531631423855
4,1679,6.7049531631423855
4,18594,6.7049531631423855
4,1402,6.7049531631423855
4,256,6.7049531631423855
4,13927,6.7049531631423855
4,4628,6.7049531631423855
4,4819,6.7049531631423855
4,16007,6.7049531631423855
4,10019,6.7049531631423855
46,11212,6.5772361375116875
45,5108,6.7049531631423855
29,11452,8.176584901010916
18,8393,6.7049531631423855
18,11975,6.7049531631423855
18,16672,6.4079450344376685
18,7104,6.333702803328816
11,19610,6.7049531631423855
9,6155,6.5772361375116875
9,10952,6.7049531631423855
9,9601,6.7049531631423855
49,19004,7.8478713801857625
